Fréquence (Hz)	Niveau (dB)
5,383301	-44,344570
10,766602	-56,527603
16,149902	-55,333153
21,533203	-55,183681
26,916504	-56,390759
32,299805	-50,940140
37,683105	-40,069267
43,066406	-35,268055
48,449707	-42,631008
53,833008	-58,436741
59,216309	-50,031345
64,599609	-41,777073
69,982910	-46,293720
75,366211	-49,622643
80,749512	-36,757889
86,132812	-33,497990
91,516113	-44,229797
96,899414	-48,352669
102,282715	-51,711033
107,666016	-49,407104
113,049316	-52,357185
118,432617	-56,957294
123,815918	-42,310009
129,199219	-39,519154
134,582520	-47,315357
139,965820	-56,122807
145,349121	-47,639618
150,732422	-44,984241
156,115723	-44,769386
161,499023	-47,431080
166,882324	-41,765793
172,265625	-43,791164
177,648926	-46,485619
183,032227	-47,634830
188,415527	-46,924747
193,798828	-49,132301
199,182129	-53,538738
204,565430	-52,711445
209,948730	-56,137920
215,332031	-54,824604
220,715332	-55,735146
226,098633	-57,630375
231,481934	-51,417732
236,865234	-52,913700
242,248535	-59,852859
247,631836	-52,361305
253,015137	-52,891647
258,398438	-51,706207
263,781738	-48,180344
269,165039	-40,183876
274,548340	-35,897198
279,931641	-39,040462
285,314941	-43,616497
290,698242	-46,940010
296,081543	-45,896084
301,464844	-48,566086
306,848145	-57,045536
312,231445	-53,172115
317,614746	-49,903904
322,998047	-50,820267
328,381348	-55,161804
333,764648	-56,867352
339,147949	-54,675491
344,531250	-50,479153
349,914551	-47,179337
355,297852	-46,872219
360,681152	-47,223564
366,064453	-49,933292
371,447754	-49,810303
376,831055	-50,174213
382,214355	-47,137100
387,597656	-50,957722
392,980957	-49,929153
398,364258	-52,853775
403,747559	-64,681198
409,130859	-53,268921
414,514160	-49,850159
419,897461	-48,162209
425,280762	-47,232780
430,664062	-48,171589
436,047363	-47,927708
441,430664	-32,771954
446,813965	-26,113287
452,197266	-30,353483
457,580566	-42,011150
462,963867	-45,569744
468,347168	-49,495579
473,730469	-45,044456
479,113770	-45,751579
484,497070	-53,349628
489,880371	-45,787693
495,263672	-43,615021
500,646973	-47,854385
506,030273	-54,235111
511,413574	-47,277901
516,796875	-46,214535
522,180176	-45,995926
527,563477	-50,713558
532,946777	-56,897823
538,330078	-60,015141
543,713379	-46,646660
549,096680	-39,213058
554,479980	-43,837975
559,863281	-50,277664
565,246582	-49,374123
570,629883	-48,847008
576,013184	-52,249210
581,396484	-66,905594
586,779785	-54,060493
592,163086	-52,677299
597,546387	-53,452625
602,929688	-60,807198
608,312988	-65,838631
613,696289	-59,049740
619,079590	-58,361771
624,462891	-64,442566
629,846191	-57,492622
635,229492	-55,317986
640,612793	-54,096397
645,996094	-64,374702
651,379395	-56,102379
656,762695	-58,341629
662,145996	-58,780430
667,529297	-59,131500
672,912598	-57,444050
678,295898	-55,312073
683,679199	-54,720581
689,062500	-53,756348
694,445801	-59,494213
699,829102	-57,590336
705,212402	-53,162086
710,595703	-51,468788
715,979004	-54,610523
721,362305	-55,873745
726,745605	-59,882664
732,128906	-65,292664
737,512207	-60,454693
742,895508	-56,500469
748,278809	-53,958042
753,662109	-55,571701
759,045410	-60,023594
764,428711	-53,063587
769,812012	-54,544338
775,195312	-58,522038
780,578613	-53,257187
785,961914	-54,146000
791,345215	-54,123634
796,728516	-54,071125
802,111816	-57,183613
807,495117	-51,822128
812,878418	-50,332138
818,261719	-56,616444
823,645020	-48,789341
829,028320	-50,120415
834,411621	-57,057896
839,794922	-52,975769
845,178223	-52,784954
850,561523	-47,474792
855,944824	-45,425491
861,328125	-45,610470
866,711426	-45,511589
872,094727	-52,078915
877,478027	-44,701687
882,861328	-44,077602
888,244629	-16,510323
893,627930	-8,142358
899,011230	-11,746424
904,394531	-31,691219
909,777832	-39,396355
915,161133	-40,290749
920,544434	-44,931782
925,927734	-50,019516
931,311035	-50,377823
936,694336	-46,054653
942,077637	-47,465908
947,460938	-53,033596
952,844238	-52,679440
958,227539	-48,891182
963,610840	-56,251907
968,994141	-46,750370
974,377441	-43,614120
979,760742	-48,210297
985,144043	-54,198074
990,527344	-46,641235
995,910645	-46,483181
1001,293945	-49,564407
1006,677246	-46,781502
1012,060547	-46,598354
1017,443848	-55,832066
1022,827148	-50,084503
1028,210449	-54,872646
1033,593750	-52,409260
1038,977051	-55,708328
1044,360352	-53,895355
1049,743652	-65,647972
1055,126953	-53,243370
1060,510254	-55,381763
1065,893555	-52,230087
1071,276855	-49,867916
1076,660156	-56,506985
1082,043457	-55,161362
1087,426758	-56,471401
1092,810059	-47,830708
1098,193359	-46,605434
1103,576660	-46,846973
1108,959961	-55,176323
1114,343262	-54,871956
1119,726562	-53,554585
1125,109863	-53,237160
1130,493164	-58,986671
1135,876465	-57,586002
1141,259766	-52,862030
1146,643066	-57,272579
1152,026367	-60,127831
1157,409668	-62,412468
1162,792969	-65,858078
1168,176270	-67,468437
1173,559570	-68,120163
1178,942871	-65,596786
1184,326172	-59,382160
1189,709473	-58,769112
1195,092773	-61,835510
1200,476074	-65,017990
1205,859375	-64,138306
1211,242676	-61,677200
1216,625977	-59,125481
1222,009277	-58,165710
1227,392578	-59,055004
1232,775879	-60,646828
1238,159180	-63,399853
1243,542480	-63,598660
1248,925781	-59,715691
1254,309082	-57,786144
1259,692383	-56,034016
1265,075684	-56,780281
1270,458984	-57,665020
1275,842285	-54,778084
1281,225586	-56,859482
1286,608887	-54,817047
1291,992188	-51,719009
1297,375488	-53,714783
1302,758789	-53,414841
1308,142090	-48,644421
1313,525391	-43,770092
1318,908691	-44,446991
1324,291992	-52,557125
1329,675293	-39,579239
1335,058594	-26,866735
1340,441895	-15,789394
1345,825195	-13,498784
1351,208496	-21,179873
1356,591797	-32,027866
1361,975098	-44,118221
1367,358398	-49,482952
1372,741699	-46,878712
1378,125000	-46,183739
1383,508301	-48,432888
1388,891602	-49,153507
1394,274902	-53,534611
1399,658203	-53,407757
1405,041504	-59,722305
1410,424805	-56,405075
1415,808105	-57,399872
1421,191406	-54,312679
1426,574707	-52,842022
1431,958008	-56,638123
1437,341309	-55,358978
1442,724609	-46,858124
1448,107910	-37,326374
1453,491211	-32,795620
1458,874512	-38,730827
1464,257812	-41,948105
1469,641113	-42,780880
1475,024414	-44,049858
1480,407715	-49,083546
1485,791016	-50,360310
1491,174316	-51,502735
1496,557617	-56,943043
1501,940918	-59,187244
1507,324219	-56,586578
1512,707520	-55,277790
1518,090820	-56,292606
1523,474121	-54,172794
1528,857422	-58,808193
1534,240723	-53,490147
1539,624023	-55,399757
1545,007324	-57,466702
1550,390625	-58,947113
1555,773926	-59,832832
1561,157227	-58,633675
1566,540527	-59,535019
1571,923828	-60,944050
1577,307129	-58,512691
1582,690430	-59,218449
1588,073730	-62,494751
1593,457031	-58,000793
1598,840332	-62,993587
1604,223633	-56,078766
1609,606934	-53,748707
1614,990234	-55,785339
1620,373535	-53,855106
1625,756836	-56,059456
1631,140137	-63,302879
1636,523438	-61,039551
1641,906738	-61,095833
1647,290039	-59,478745
1652,673340	-56,139458
1658,056641	-57,350319
1663,439941	-55,357090
1668,823242	-56,294083
1674,206543	-54,019505
1679,589844	-52,546371
1684,973145	-53,855061
1690,356445	-49,540936
1695,739746	-48,830475
1701,123047	-51,684536
1706,506348	-53,627518
1711,889648	-49,801662
1717,272949	-49,300980
1722,656250	-50,817352
1728,039551	-42,336948
1733,422852	-39,475563
1738,806152	-42,817257
1744,189453	-49,564537
1749,572754	-52,022041
1754,956055	-51,252644
1760,339355	-49,442146
1765,722656	-47,267075
1771,105957	-37,788601
1776,489258	-28,883621
1781,872559	-15,422110
1787,255859	-8,935530
1792,639160	-10,624165
1798,022461	-18,275705
1803,405762	-33,052082
1808,789062	-38,902958
1814,172363	-45,314827
1819,555664	-47,302780
1824,938965	-46,802612
1830,322266	-46,593323
1835,705566	-48,514366
1841,088867	-50,861122
1846,472168	-50,178589
1851,855469	-48,988770
1857,238770	-57,348335
1862,622070	-61,246746
1868,005371	-49,562923
1873,388672	-48,959023
1878,771973	-57,003777
1884,155273	-57,650917
1889,538574	-57,602249
1894,921875	-55,938602
1900,305176	-58,508652
1905,688477	-59,630463
1911,071777	-55,523975
1916,455078	-55,406414
1921,838379	-55,025276
1927,221680	-44,820950
1932,604980	-43,143974
1937,988281	-40,214981
1943,371582	-42,863747
1948,754883	-39,394775
1954,138184	-45,301517
1959,521484	-45,715858
1964,904785	-53,288872
1970,288086	-50,678947
1975,671387	-53,836861
1981,054688	-55,544250
1986,437988	-50,280899
1991,821289	-51,697529
1997,204590	-59,842682
2002,587891	-56,679077
2007,971191	-53,864895
2013,354492	-56,761612
2018,737793	-57,314259
2024,121094	-56,389717
2029,504395	-54,077908
2034,887695	-52,503586
2040,270996	-59,883518
2045,654297	-57,048637
2051,037598	-54,981750
2056,420898	-50,882622
2061,804199	-53,154499
2067,187500	-58,702824
2072,570801	-58,220661
2077,954102	-60,727734
2083,337402	-57,413414
2088,720703	-56,087547
2094,104004	-66,640747
2099,487305	-56,634716
2104,870605	-57,076401
2110,253906	-54,346779
2115,637207	-55,795639
2121,020508	-61,979507
2126,403809	-56,416073
2131,787109	-53,399097
2137,170410	-54,058235
2142,553711	-59,063839
2147,937012	-63,318001
2153,320312	-52,745213
2158,703613	-53,236549
2164,086914	-54,017452
2169,470215	-60,565918
2174,853516	-56,083942
2180,236816	-59,936306
2185,620117	-57,374577
2191,003418	-53,313145
2196,386719	-47,449032
2201,770020	-48,862652
2207,153320	-49,022427
2212,536621	-47,200211
2217,919922	-38,601238
2223,303223	-36,909996
2228,686523	-26,383118
2234,069824	-15,282186
2239,453125	-14,048394
2244,836426	-22,446760
2250,219727	-33,791077
2255,603027	-44,107712
2260,986328	-49,003117
2266,369629	-46,692364
2271,752930	-49,313034
2277,136230	-48,894760
2282,519531	-48,345711
2287,902832	-52,378689
2293,286133	-53,903767
2298,669434	-58,518814
2304,052734	-55,220779
2309,436035	-53,825352
2314,819336	-55,582684
2320,202637	-57,674026
2325,585938	-63,413357
2330,969238	-64,206566
2336,352539	-63,646698
2341,735840	-63,104259
2347,119141	-59,316021
2352,502441	-65,411186
2357,885742	-61,516594
2363,269043	-60,804115
2368,652344	-70,359314
2374,035645	-67,823021
2379,418945	-75,441711
2384,802246	-66,854172
2390,185547	-64,599480
2395,568848	-61,503712
2400,952148	-66,445862
2406,335449	-72,573860
2411,718750	-57,185337
2417,102051	-47,811504
2422,485352	-43,772358
2427,868652	-41,646358
2433,251953	-41,410069
2438,635254	-43,054958
2444,018555	-46,432083
2449,401855	-48,586311
2454,785156	-51,203857
2460,168457	-58,573189
2465,551758	-60,244453
2470,935059	-54,658295
2476,318359	-57,924599
2481,701660	-64,120537
2487,084961	-59,266129
2492,468262	-65,814980
2497,851562	-59,126438
2503,234863	-59,071442
2508,618164	-61,505344
2514,001465	-65,552773
2519,384766	-75,547798
2524,768066	-63,642731
2530,151367	-64,494987
2535,534668	-62,749092
2540,917969	-63,938431
2546,301270	-64,249290
2551,684570	-68,636322
2557,067871	-69,207718
2562,451172	-67,550903
2567,834473	-67,530388
2573,217773	-69,543327
2578,601074	-70,133987
2583,984375	-71,009071
2589,367676	-62,463421
2594,750977	-69,496742
2600,134277	-58,018948
2605,517578	-60,360031
2610,900879	-54,080597
2616,284180	-50,900009
2621,667480	-49,432064
2627,050781	-52,937923
2632,434082	-55,681652
2637,817383	-59,591339
2643,200684	-51,463676
2648,583984	-51,043301
2653,967285	-47,710457
2659,350586	-39,796326
2664,733887	-34,872074
2670,117188	-33,878365
2675,500488	-23,434677
2680,883789	-14,607990
2686,267090	-16,870972
2691,650391	-26,001127
2697,033691	-37,270279
2702,416992	-39,041340
2707,800293	-49,835278
2713,183594	-47,625462
2718,566895	-48,644924
2723,950195	-48,357174
2729,333496	-53,796684
2734,716797	-55,207970
2740,100098	-54,423378
2745,483398	-54,524353
2750,866699	-50,331360
2756,250000	-53,834942
2761,633301	-57,994312
2767,016602	-61,825008
2772,399902	-62,035912
2777,783203	-60,974323
2783,166504	-62,049187
2788,549805	-57,722351
2793,933105	-57,750488
2799,316406	-54,909721
2804,699707	-55,172157
2810,083008	-55,313122
2815,466309	-54,726494
2820,849609	-55,685791
2826,232910	-53,239822
2831,616211	-54,087444
2836,999512	-57,306992
2842,382812	-57,460388
2847,766113	-59,158264
2853,149414	-60,089867
2858,532715	-59,540424
2863,916016	-61,077446
2869,299316	-61,162724
2874,682617	-64,880051
2880,065918	-64,196907
2885,449219	-62,233547
2890,832520	-61,702190
2896,215820	-66,341484
2901,599121	-62,006901
2906,982422	-56,078739
2912,365723	-55,224689
2917,749023	-55,658794
2923,132324	-54,646671
2928,515625	-58,286922
2933,898926	-54,916668
2939,282227	-55,137714
2944,665527	-49,882854
2950,048828	-55,162518
2955,432129	-65,272308
2960,815430	-63,230354
2966,198730	-61,765831
2971,582031	-59,023243
2976,965332	-58,549599
2982,348633	-61,631187
2987,731934	-63,198769
2993,115234	-64,118561
2998,498535	-69,046478
3003,881836	-71,042191
3009,265137	-68,858269
3014,648438	-66,173080
3020,031738	-63,743736
3025,415039	-61,098492
3030,798340	-59,485527
3036,181641	-61,469860
3041,564941	-63,525227
3046,948242	-56,250401
3052,331543	-54,281384
3057,714844	-59,857002
3063,098145	-59,561901
3068,481445	-53,220730
3073,864746	-53,797466
3079,248047	-50,158936
3084,631348	-49,018250
3090,014648	-48,125057
3095,397949	-48,283573
3100,781250	-46,419449
3106,164551	-39,500843
3111,547852	-34,496132
3116,931152	-28,906366
3122,314453	-27,166639
3127,697754	-12,479805
3133,081055	-11,635606
3138,464355	-19,177427
3143,847656	-29,698624
3149,230957	-40,333702
3154,614258	-47,763039
3159,997559	-43,053417
3165,380859	-41,468468
3170,764160	-44,645779
3176,147461	-51,167351
3181,530762	-50,168194
3186,914062	-51,818909
3192,297363	-47,277645
3197,680664	-48,594677
3203,063965	-47,961704
3208,447266	-49,856499
3213,830566	-57,184700
3219,213867	-52,849190
3224,597168	-54,341885
3229,980469	-56,159557
3235,363770	-58,798103
3240,747070	-58,463768
3246,130371	-60,137825
3251,513672	-64,770607
3256,896973	-67,349495
3262,280273	-71,259659
3267,663574	-64,106247
3273,046875	-59,085484
3278,430176	-61,864376
3283,813477	-65,944099
3289,196777	-61,596684
3294,580078	-63,440361
3299,963379	-62,311466
3305,346680	-61,852455
3310,729980	-62,858456
3316,113281	-64,956337
3321,496582	-66,478027
3326,879883	-67,319183
3332,263184	-65,442871
3337,646484	-73,817688
3343,029785	-72,003899
3348,413086	-63,445927
3353,796387	-60,295769
3359,179688	-64,805885
3364,562988	-64,517288
3369,946289	-59,575325
3375,329590	-61,041386
3380,712891	-60,690292
3386,096191	-57,877853
3391,479492	-55,513977
3396,862793	-64,432915
3402,246094	-53,130589
3407,629395	-53,562428
3413,012695	-56,978733
3418,395996	-54,600903
3423,779297	-50,668694
3429,162598	-55,021893
3434,545898	-60,055622
3439,929199	-60,850128
3445,312500	-63,490215
3450,695801	-63,678230
3456,079102	-63,621269
3461,462402	-62,764908
3466,845703	-58,247299
3472,229004	-58,051521
3477,612305	-58,978283
3482,995605	-52,626175
3488,378906	-51,627823
3493,762207	-55,176170
3499,145508	-64,753304
3504,528809	-62,365467
3509,912109	-59,797447
3515,295410	-64,638550
3520,678711	-59,429836
3526,062012	-54,536716
3531,445312	-49,708862
3536,828613	-49,550926
3542,211914	-49,897099
3547,595215	-46,729416
3552,978516	-39,985767
3558,361816	-30,960732
3563,745117	-29,734667
3569,128418	-30,755798
3574,511719	-29,489040
3579,895020	-26,717035
3585,278320	-19,717701
3590,661621	-19,731001
3596,044922	-29,781246
3601,428223	-38,784958
3606,811523	-47,900486
3612,194824	-47,188171
3617,578125	-45,548061
3622,961426	-44,817696
3628,344727	-46,770126
3633,728027	-52,247078
3639,111328	-54,109890
3644,494629	-55,454174
3649,877930	-53,834518
3655,261230	-56,265362
3660,644531	-60,784168
3666,027832	-74,430145
3671,411133	-62,330856
3676,794434	-59,763687
3682,177734	-56,868786
3687,561035	-56,643887
3692,944336	-60,220825
3698,327637	-53,656643
3703,710938	-53,903416
3709,094238	-63,330032
3714,477539	-65,292381
3719,860840	-65,167351
3725,244141	-72,807381
3730,627441	-64,832718
3736,010742	-68,687744
3741,394043	-73,850777
3746,777344	-68,696335
3752,160645	-65,447845
3757,543945	-71,481796
3762,927246	-63,263393
3768,310547	-63,838631
3773,693848	-63,027519
3779,077148	-64,106583
3784,460449	-62,228897
3789,843750	-63,182266
3795,227051	-66,236710
3800,610352	-61,946934
3805,993652	-70,306290
3811,376953	-68,463364
3816,760254	-69,373932
3822,143555	-63,185688
3827,526855	-67,782181
3832,910156	-65,770668
3838,293457	-64,754639
3843,676758	-62,834743
3849,060059	-59,351971
3854,443359	-58,507122
3859,826660	-59,479069
3865,209961	-60,667622
3870,593262	-64,075562
3875,976562	-59,412483
3881,359863	-56,451595
3886,743164	-54,662621
3892,126465	-57,602974
3897,509766	-66,186707
3902,893066	-59,965714
3908,276367	-57,140213
3913,659668	-54,005665
3919,042969	-49,673843
3924,426270	-53,824451
3929,809570	-62,881733
3935,192871	-56,214596
3940,576172	-63,451088
3945,959473	-62,966324
3951,342773	-55,885220
3956,726074	-53,510098
3962,109375	-53,709499
3967,492676	-60,253555
3972,875977	-56,534302
3978,259277	-55,706081
3983,642578	-52,788929
3989,025879	-49,790524
3994,409180	-41,169773
3999,792480	-36,551243
4005,175781	-35,091946
4010,559082	-35,829887
4015,942383	-31,521715
4021,325684	-16,246906
4026,708984	-14,413589
4032,092285	-21,495672
4037,475586	-28,389412
4042,858887	-32,833828
4048,242188	-41,127308
4053,625488	-48,068859
4059,008789	-43,091354
4064,392090	-48,466980
4069,775391	-51,542191
4075,158691	-56,778931
4080,541992	-52,836754
4085,925293	-55,819012
4091,308594	-54,936222
4096,691895	-54,329376
4102,075195	-56,086586
4107,458496	-56,282845
4112,841797	-56,162392
4118,225098	-61,902023
4123,608398	-57,388870
4128,991699	-63,096844
4134,375000	-56,935936
4139,758301	-62,570564
4145,141602	-60,910938
4150,524902	-57,186440
4155,908203	-56,819374
4161,291504	-61,268898
4166,674805	-58,689522
4172,058105	-59,271046
4177,441406	-66,851196
4182,824707	-70,035561
4188,208008	-69,175880
4193,591309	-69,939575
4198,974609	-65,055763
4204,357910	-61,545029
4209,741211	-57,812450
4215,124512	-57,579025
4220,507812	-57,654293
4225,891113	-60,231094
4231,274414	-60,773655
4236,657715	-62,930676
4242,041016	-65,628281
4247,424316	-65,889015
4252,807617	-70,249481
4258,190918	-63,996284
4263,574219	-58,556446
4268,957520	-61,251522
4274,340820	-67,030746
4279,724121	-63,229816
4285,107422	-63,614532
4290,490723	-63,423016
4295,874023	-70,239212
4301,257324	-70,522476
4306,640625	-65,066063
4312,023926	-64,672844
4317,407227	-63,571732
4322,790527	-60,928825
4328,173828	-57,237724
4333,557129	-59,758617
4338,940430	-63,942970
4344,323730	-59,732201
4349,707031	-59,206326
4355,090332	-59,461590
4360,473633	-58,156658
4365,856934	-60,636940
4371,240234	-57,347885
4376,623535	-60,864700
4382,006836	-58,289314
4387,390137	-54,857143
4392,773438	-52,022774
4398,156738	-52,831280
4403,540039	-54,252167
4408,923340	-54,696377
4414,306641	-53,676487
4419,689941	-58,408089
4425,073242	-55,164562
4430,456543	-46,863319
4435,839844	-46,903790
4441,223145	-49,587284
4446,606445	-42,436337
4451,989746	-38,328846
4457,373047	-37,469395
4462,756348	-25,977362
4468,139648	-19,839966
4473,522949	-21,988321
4478,906250	-35,270260
4484,289551	-40,793484
4489,672852	-41,452873
4495,056152	-43,716541
4500,439453	-51,762943
4505,822754	-52,989433
4511,206055	-51,939278
4516,589355	-53,522583
4521,972656	-54,191429
4527,355957	-53,710335
4532,739258	-52,851574
4538,122559	-52,854912
4543,505859	-54,850002
4548,889160	-59,192841
4554,272461	-65,016731
4559,655762	-56,804142
4565,039062	-55,912762
4570,422363	-57,093605
4575,805664	-57,988083
4581,188965	-60,539074
4586,572266	-59,041840
4591,955566	-56,588535
4597,338867	-61,284828
4602,722168	-63,949268
4608,105469	-67,138023
4613,488770	-65,598183
4618,872070	-63,520012
4624,255371	-62,493233
4629,638672	-64,580254
4635,021973	-67,029427
4640,405273	-72,197136
4645,788574	-70,427971
4651,171875	-68,478302
4656,555176	-68,114807
4661,938477	-58,538483
4667,321777	-59,300301
4672,705078	-73,964386
4678,088379	-62,207138
4683,471680	-63,382481
4688,854980	-74,560005
4694,238281	-73,744247
4699,621582	-69,690414
4705,004883	-64,858795
4710,388184	-63,508633
4715,771484	-66,661430
4721,154785	-69,890465
4726,538086	-67,616905
4731,921387	-64,002235
4737,304688	-63,672005
4742,687988	-63,150948
4748,071289	-61,382420
4753,454590	-62,889103
4758,837891	-60,017769
4764,221191	-60,223972
4769,604492	-63,854847
4774,987793	-60,293243
4780,371094	-59,487480
4785,754395	-58,577690
4791,137695	-56,382221
4796,520996	-60,629929
4801,904297	-62,304062
4807,287598	-62,705215
4812,670898	-64,332535
4818,054199	-61,099361
4823,437500	-58,613068
4828,820801	-55,887493
4834,204102	-56,147930
4839,587402	-58,360451
4844,970703	-60,487484
4850,354004	-58,848240
4855,737305	-55,021542
4861,120605	-52,130054
4866,503906	-54,015198
4871,887207	-50,153236
4877,270508	-46,874851
4882,653809	-44,292816
4888,037109	-42,908440
4893,420410	-40,561375
4898,803711	-43,471798
4904,187012	-38,661507
4909,570312	-31,119659
4914,953613	-17,604389
4920,336914	-14,956984
4925,720215	-22,651892
4931,103516	-37,673134
4936,486816	-43,807316
4941,870117	-50,139126
4947,253418	-44,809280
4952,636719	-49,260349
4958,020020	-52,053802
4963,403320	-51,370403
4968,786621	-54,226883
4974,169922	-57,283504
4979,553223	-56,245777
4984,936523	-55,001068
4990,319824	-54,103573
4995,703125	-55,746593
5001,086426	-57,412842
5006,469727	-54,637352
5011,853027	-58,129868
5017,236328	-69,084953
5022,619629	-60,317966
5028,002930	-57,955784
5033,386230	-64,241081
5038,769531	-62,721138
5044,152832	-64,318497
5049,536133	-63,409489
5054,919434	-65,947838
5060,302734	-64,139961
5065,686035	-66,340759
5071,069336	-66,580727
5076,452637	-66,514427
5081,835938	-66,372017
5087,219238	-60,919331
5092,602539	-66,204948
5097,985840	-65,577965
5103,369141	-66,494606
5108,752441	-63,055748
5114,135742	-63,069710
5119,519043	-66,664314
5124,902344	-72,730309
5130,285645	-74,908165
5135,668945	-68,620262
5141,052246	-68,997398
5146,435547	-72,309753
5151,818848	-76,926567
5157,202148	-71,513489
5162,585449	-70,200226
5167,968750	-68,877777
5173,352051	-67,784622
5178,735352	-65,090546
5184,118652	-65,387199
5189,501953	-66,448280
5194,885254	-67,239197
5200,268555	-69,526581
5205,651855	-72,634377
5211,035156	-75,732224
5216,418457	-80,095238
5221,801758	-74,410942
5227,185059	-71,475136
5232,568359	-70,639114
5237,951660	-74,358658
5243,334961	-66,888985
5248,718262	-68,026009
5254,101562	-67,744331
5259,484863	-62,520153
5264,868164	-62,224537
5270,251465	-65,459976
5275,634766	-68,855354
5281,018066	-65,092590
5286,401367	-65,989815
5291,784668	-62,314308
5297,167969	-55,154854
5302,551270	-54,438198
5307,934570	-52,972637
5313,317871	-56,389587
5318,701172	-62,865208
5324,084473	-58,742764
5329,467773	-50,508865
5334,851074	-42,768387
5340,234375	-41,545052
5345,617676	-42,148689
5351,000977	-40,863716
5356,384277	-33,406796
5361,767578	-30,220551
5367,150879	-24,860317
5372,534180	-27,069193
5377,917480	-37,646748
5383,300781	-46,312504
5388,684082	-43,646046
5394,067383	-50,669983
5399,450684	-50,634041
5404,833984	-52,041950
5410,217285	-52,118893
5415,600586	-54,129379
5420,983887	-64,043381
5426,367188	-53,128330
5431,750488	-58,246098
5437,133789	-64,004524
5442,517090	-63,262276
5447,900391	-63,044861
5453,283691	-61,967201
5458,666992	-66,988007
5464,050293	-67,492630
5469,433594	-63,147038
5474,816895	-65,359230
5480,200195	-57,330860
5485,583496	-54,295967
5490,966797	-56,892262
5496,350098	-60,988152
5501,733398	-56,901264
5507,116699	-57,833576
5512,500000	-60,577549
5517,883301	-63,493187
5523,266602	-70,256012
5528,649902	-66,855537
5534,033203	-67,130775
5539,416504	-73,065811
5544,799805	-68,231827
5550,183105	-64,651314
5555,566406	-67,194725
5560,949707	-72,202667
5566,333008	-75,194031
5571,716309	-71,498581
5577,099609	-65,312553
5582,482910	-64,521454
5587,866211	-65,604416
5593,249512	-62,097572
5598,632812	-60,854584
5604,016113	-62,915848
5609,399414	-63,457813
5614,782715	-62,860580
5620,166016	-62,365875
5625,549316	-60,921379
5630,932617	-58,300819
5636,315918	-62,375122
5641,699219	-82,285583
5647,082520	-65,452003
5652,465820	-65,221245
5657,849121	-66,039879
5663,232422	-68,107323
5668,615723	-70,041481
5673,999023	-73,689308
5679,382324	-70,254234
5684,765625	-66,853539
5690,148926	-70,013557
5695,532227	-69,671494
5700,915527	-70,446945
5706,298828	-71,485214
5711,682129	-67,222404
5717,065430	-65,335114
5722,448730	-60,758007
5727,832031	-59,199924
5733,215332	-58,780602
5738,598633	-59,504246
5743,981934	-63,976196
5749,365234	-67,997665
5754,748535	-65,220192
5760,131836	-58,148533
5765,515137	-66,100189
5770,898438	-57,772713
5776,281738	-58,964100
5781,665039	-54,148872
5787,048340	-48,291172
5792,431641	-51,650925
5797,814941	-46,579521
5803,198242	-37,722897
5808,581543	-30,439449
5813,964844	-32,310059
5819,348145	-37,719975
5824,731445	-53,000134
5830,114746	-43,002930
5835,498047	-46,537926
5840,881348	-51,957748
5846,264648	-51,031734
5851,647949	-51,173824
5857,031250	-67,361786
5862,414551	-56,921654
5867,797852	-58,883892
5873,181152	-57,881821
5878,564453	-63,172237
5883,947754	-72,392242
5889,331055	-61,194508
5894,714355	-62,920296
5900,097656	-61,380474
5905,480957	-64,346420
5910,864258	-62,005482
5916,247559	-63,815735
5921,630859	-64,504669
5927,014160	-62,547226
5932,397461	-64,006012
5937,780762	-68,539688
5943,164062	-68,438148
5948,547363	-69,675972
5953,930664	-70,312393
5959,313965	-74,870125
5964,697266	-76,016808
5970,080566	-74,773819
5975,463867	-74,396751
5980,847168	-72,509941
5986,230469	-73,259781
5991,613770	-75,494576
5996,997070	-82,337029
6002,380371	-84,003578
6007,763672	-94,639488
6013,146973	-83,826042
6018,530273	-84,432365
6023,913574	-78,291847
6029,296875	-73,576141
6034,680176	-74,347893
6040,063477	-74,769363
6045,446777	-77,290527
6050,830078	-76,661194
6056,213379	-77,416382
6061,596680	-81,072708
6066,979980	-80,359703
6072,363281	-74,492775
6077,746582	-73,284882
6083,129883	-71,070717
6088,513184	-70,327644
6093,896484	-70,507393
6099,279785	-69,149925
6104,663086	-71,478645
6110,046387	-74,261719
6115,429688	-72,399689
6120,812988	-68,958748
6126,196289	-69,121826
6131,579590	-68,943092
6136,962891	-70,223434
6142,346191	-70,841827
6147,729492	-77,187935
6153,112793	-75,366318
6158,496094	-70,756012
6163,879395	-71,722359
6169,262695	-68,026787
6174,645996	-68,994820
6180,029297	-67,477394
6185,412598	-62,196579
6190,795898	-57,695301
6196,179199	-59,168098
6201,562500	-58,942547
6206,945801	-55,413292
6212,329102	-57,001125
6217,712402	-53,030830
6223,095703	-48,427425
6228,479004	-46,890900
6233,862305	-52,368507
6239,245605	-51,784863
6244,628906	-44,263874
6250,012207	-50,922215
6255,395508	-37,068462
6260,778809	-35,204205
6266,162109	-40,474174
6271,545410	-45,688908
6276,928711	-45,772278
6282,312012	-46,692711
6287,695312	-52,313953
6293,078613	-57,578995
6298,461914	-57,604904
6303,845215	-64,982811
6309,228516	-54,462399
6314,611816	-56,039749
6319,995117	-61,583893
6325,378418	-59,810780
6330,761719	-61,726654
6336,145020	-62,940392
6341,528320	-67,579361
6346,911621	-61,294289
6352,294922	-56,994064
6357,678223	-58,480900
6363,061523	-58,703835
6368,444824	-58,183643
6373,828125	-60,643925
6379,211426	-59,625919
6384,594727	-65,928169
6389,978027	-63,130333
6395,361328	-70,868202
6400,744629	-63,714127
6406,127930	-66,408981
6411,511230	-67,993027
6416,894531	-69,738487
6422,277832	-67,235252
6427,661133	-70,810898
6433,044434	-78,698540
6438,427734	-72,701607
6443,811035	-73,046700
6449,194336	-73,000793
6454,577637	-80,511925
6459,960938	-79,335800
6465,344238	-85,426193
6470,727539	-89,167015
6476,110840	-89,829254
6481,494141	-90,028427
6486,877441	-86,590065
6492,260742	-84,070572
6497,644043	-86,203842
6503,027344	-91,015152
6508,410645	-91,203529
6513,793945	-87,393486
6519,177246	-84,564972
6524,560547	-80,546906
6529,943848	-79,441772
6535,327148	-76,925743
6540,710449	-79,058388
6546,093750	-80,002312
6551,477051	-79,808044
6556,860352	-83,117073
6562,243652	-80,347794
6567,626953	-80,031860
6573,010254	-77,703506
6578,393555	-68,658455
6583,776855	-62,056633
6589,160156	-60,167908
6594,543457	-61,395142
6599,926758	-63,370735
6605,310059	-72,668472
6610,693359	-64,963593
6616,076660	-64,136749
6621,459961	-64,484566
6626,843262	-60,949528
6632,226562	-57,826977
6637,609863	-59,491634
6642,993164	-59,123306
6648,376465	-60,467186
6653,759766	-57,679852
6659,143066	-53,836800
6664,526367	-52,059982
6669,909668	-53,453587
6675,292969	-55,641464
6680,676270	-53,727547
6686,059570	-51,225952
6691,442871	-52,784054
6696,826172	-50,975533
6702,209473	-42,372360
6707,592773	-39,563725
6712,976074	-41,697945
6718,359375	-47,337067
6723,742676	-47,150215
6729,125977	-50,383106
6734,509277	-51,392509
6739,892578	-52,902203
6745,275879	-54,816196
6750,659180	-60,562061
6756,042480	-58,258129
6761,425781	-59,254524
6766,809082	-59,989300
6772,192383	-61,221085
6777,575684	-65,550446
6782,958984	-67,157814
6788,342285	-70,105415
6793,725586	-73,772041
6799,108887	-70,617279
6804,492188	-79,030304
6809,875488	-72,863266
6815,258789	-75,368683
6820,642090	-77,395905
6826,025391	-77,347946
6831,408691	-72,208054
6836,791992	-73,588478
6842,175293	-75,787521
6847,558594	-78,458176
6852,941895	-89,226791
6858,325195	-85,744247
6863,708496	-83,922562
6869,091797	-84,051178
6874,475098	-88,497910
6879,858398	-87,561775
6885,241699	-92,671288
6890,625000	-95,966728
6896,008301	-92,031685
6901,391602	-83,910301
6906,774902	-79,965088
6912,158203	-78,177940
6917,541504	-81,800354
6922,924805	-86,831436
6928,308105	-87,666656
6933,691406	-81,974876
6939,074707	-79,220604
6944,458008	-80,430206
6949,841309	-83,718208
6955,224609	-86,904015
6960,607910	-91,118576
6965,991211	-94,266327
6971,374512	-86,566605
6976,757812	-81,096855
6982,141113	-73,439873
6987,524414	-69,083214
6992,907715	-69,775719
6998,291016	-70,481651
7003,674316	-69,757240
7009,057617	-66,656731
7014,440918	-66,143318
7019,824219	-61,840122
7025,207520	-62,352570
7030,590820	-67,081184
7035,974121	-71,120354
7041,357422	-71,322487
7046,740723	-68,184669
7052,124023	-66,912636
7057,507324	-62,857361
7062,890625	-60,081223
7068,273926	-64,366219
7073,657227	-62,385227
7079,040527	-60,546921
7084,423828	-62,496140
7089,807129	-61,130913
7095,190430	-54,275177
7100,573730	-57,824322
7105,957031	-55,370468
7111,340332	-53,405350
7116,723633	-51,533085
7122,106934	-48,155319
7127,490234	-48,481136
7132,873535	-46,067661
7138,256836	-44,459225
7143,640137	-41,547047
7149,023438	-36,269436
7154,406738	-32,450317
7159,790039	-33,989220
7165,173340	-42,865704
7170,556641	-45,204849
7175,939941	-45,722004
7181,323242	-51,384037
7186,706543	-50,447655
7192,089844	-51,112400
7197,473145	-54,706093
7202,856445	-54,534573
7208,239746	-57,675247
7213,623047	-60,355206
7219,006348	-66,141510
7224,389648	-69,631752
7229,772949	-69,503708
7235,156250	-65,994781
7240,539551	-67,073822
7245,922852	-64,601860
7251,306152	-75,962761
7256,689453	-66,930367
7262,072754	-72,536011
7267,456055	-71,591003
7272,839355	-74,900673
7278,222656	-72,201721
7283,605957	-75,556122
7288,989258	-75,183937
7294,372559	-77,653236
7299,755859	-88,490181
7305,139160	-77,978035
7310,522461	-82,390732
7315,905762	-75,039864
7321,289062	-74,197815
7326,672363	-71,581390
7332,055664	-78,216362
7337,438965	-84,846634
7342,822266	-91,904594
7348,205566	-99,046059
7353,588867	-91,401337
7358,972168	-83,994980
7364,355469	-81,466400
7369,738770	-72,848259
7375,122070	-70,863991
7380,505371	-82,464584
7385,888672	-83,813721
7391,271973	-83,940582
7396,655273	-72,834854
7402,038574	-68,761963
7407,421875	-72,319397
7412,805176	-83,081108
7418,188477	-86,852188
7423,571777	-76,549301
7428,955078	-75,162643
7434,338379	-75,063133
7439,721680	-72,092300
7445,104980	-67,467850
7450,488281	-64,971878
7455,871582	-64,186287
7461,254883	-63,311832
7466,638184	-62,931351
7472,021484	-65,402596
7477,404785	-64,219803
7482,788086	-64,779205
7488,171387	-66,966537
7493,554688	-67,717720
7498,937988	-67,726456
7504,321289	-70,090141
7509,704590	-71,417114
7515,087891	-67,278877
7520,471191	-65,038818
7525,854492	-58,573891
7531,237793	-60,141266
7536,621094	-58,558765
7542,004395	-60,930134
7547,387695	-56,387135
7552,770996	-53,211620
7558,154297	-51,765675
7563,537598	-49,224018
7568,920898	-49,771580
7574,304199	-52,478535
7579,687500	-51,612373
7585,070801	-46,579323
7590,454102	-43,777256
7595,837402	-34,940445
7601,220703	-26,810490
7606,604004	-28,953344
7611,987305	-40,722649
7617,370605	-44,767323
7622,753906	-46,661713
7628,137207	-50,742397
7633,520508	-52,519413
7638,903809	-54,531044
7644,287109	-56,245941
7649,670410	-55,780464
7655,053711	-53,938488
7660,437012	-56,107197
7665,820312	-62,281178
7671,203613	-68,586967
7676,586914	-72,403259
7681,970215	-70,209480
7687,353516	-71,047806
7692,736816	-66,659592
7698,120117	-66,023148
7703,503418	-65,903152
7708,886719	-65,863518
7714,270020	-63,929565
7719,653320	-63,540874
7725,036621	-63,399517
7730,419922	-58,244030
7735,803223	-57,174561
7741,186523	-59,726147
7746,569824	-62,669170
7751,953125	-62,218082
7757,336426	-64,118576
7762,719727	-67,984451
7768,103027	-69,932068
7773,486328	-71,801453
7778,869629	-71,698059
7784,252930	-73,917290
7789,636230	-80,013634
7795,019531	-73,108345
7800,402832	-72,237656
7805,786133	-77,126373
7811,169434	-83,403656
7816,552734	-79,811020
7821,936035	-83,041985
7827,319336	-77,226761
7832,702637	-75,602264
7838,085938	-75,061600
7843,469238	-76,188782
7848,852539	-75,800308
7854,235840	-76,275055
7859,619141	-76,685585
7865,002441	-75,056114
7870,385742	-70,900101
7875,769043	-67,917282
7881,152344	-75,116631
7886,535645	-77,565399
7891,918945	-72,089798
7897,302246	-69,077393
7902,685547	-73,204117
7908,068848	-75,638000
7913,452148	-72,858391
7918,835449	-72,937256
7924,218750	-68,789436
7929,602051	-70,457687
7934,985352	-75,132256
7940,368652	-70,364876
7945,751953	-68,413033
7951,135254	-67,554291
7956,518555	-65,745132
7961,901855	-65,976631
7967,285156	-65,628166
7972,668457	-64,826599
7978,051758	-61,783466
7983,435059	-61,612736
7988,818359	-59,501198
7994,201660	-61,302013
7999,584961	-63,654579
8004,968262	-59,078781
8010,351562	-55,731537
8015,734863	-51,256107
8021,118164	-52,243580
8026,501465	-51,476742
8031,884766	-45,587811
8037,268066	-44,503761
8042,651367	-38,933941
8048,034668	-29,286613
8053,417969	-28,655916
8058,801270	-38,924126
8064,184570	-43,376324
8069,567871	-44,517056
8074,951172	-47,561226
8080,334473	-54,674080
8085,717773	-56,231480
8091,101074	-55,355282
8096,484375	-56,054314
8101,867676	-56,647003
8107,250977	-56,390079
8112,634277	-56,907284
8118,017578	-59,611752
8123,400879	-66,554855
8128,784180	-69,931770
8134,167480	-69,486679
8139,550781	-69,696373
8144,934082	-69,001289
8150,317383	-69,911507
8155,700684	-72,434174
8161,083984	-77,396538
8166,467285	-73,419197
8171,850586	-67,718163
8177,233887	-62,902660
8182,617188	-63,450733
8188,000488	-70,376457
8193,383789	-74,570381
8198,767090	-76,725998
8204,150391	-72,107529
8209,533691	-74,329491
8214,916992	-82,428841
8220,300293	-84,758499
8225,683594	-83,924561
8231,066895	-77,888969
8236,450195	-73,306534
8241,833496	-70,062325
8247,216797	-68,766960
8252,600098	-70,129585
8257,983398	-65,829224
8263,366699	-72,113632
8268,750000	-75,409073
8274,133301	-70,147430
8279,516602	-69,677086
8284,899902	-71,984917
8290,283203	-73,521866
8295,666504	-79,752472
8301,049805	-76,982948
8306,433105	-79,304619
8311,816406	-85,727715
8317,199707	-85,026375
8322,583008	-81,705566
8327,966309	-86,480705
8333,349609	-83,831177
8338,732910	-88,412575
8344,116211	-81,114212
8349,499512	-75,652359
8354,882812	-68,291962
8360,266113	-68,051468
8365,649414	-77,743385
8371,032715	-73,513100
8376,416016	-71,041595
8381,799316	-71,928139
8387,182617	-71,343506
8392,565918	-71,460403
8397,949219	-71,585152
8403,332520	-68,055450
8408,715820	-66,317184
8414,099121	-65,403534
8419,482422	-64,441017
8424,865723	-61,482971
8430,249023	-62,235207
8435,632324	-62,368393
8441,015625	-56,232090
8446,398926	-52,697865
8451,782227	-53,784409
8457,165527	-54,273808
8462,548828	-54,942371
8467,932129	-50,764015
8473,315430	-51,835903
8478,698730	-49,694519
8484,082031	-45,148392
8489,465332	-37,846188
8494,848633	-32,947811
8500,231934	-32,365032
8505,615234	-37,941734
8510,998535	-48,862652
8516,381836	-49,123806
8521,765137	-51,288296
8527,148438	-52,551983
8532,531738	-52,494282
8537,915039	-60,469799
8543,298340	-57,882011
8548,681641	-54,726357
8554,064941	-57,713413
8559,448242	-62,552414
8564,831543	-63,233395
8570,214844	-66,519669
8575,598145	-70,134644
8580,981445	-72,140938
8586,364746	-64,455589
8591,748047	-68,767685
8597,131348	-72,841385
8602,514648	-71,201385
8607,897949	-72,504341
8613,281250	-70,895081
8618,664551	-78,340538
8624,047852	-67,328629
8629,431152	-67,439560
8634,814453	-67,307228
8640,197754	-67,431320
8645,581055	-68,335876
8650,964355	-68,165703
8656,347656	-68,051262
8661,730957	-71,652405
8667,114258	-74,166206
8672,497559	-78,863350
8677,880859	-82,940125
8683,264160	-85,196465
8688,647461	-94,439697
8694,030762	-92,694572
8699,414062	-88,064812
8704,797363	-88,613091
8710,180664	-90,662888
8715,563965	-91,343483
8720,947266	-86,216896
8726,330566	-83,935265
8731,713867	-86,638763
8737,097168	-81,011368
8742,480469	-74,525795
8747,863770	-74,718292
8753,247070	-81,504021
8758,630371	-82,402489
8764,013672	-89,082344
8769,396973	-87,445343
8774,780273	-80,393028
8780,163574	-75,370186
8785,546875	-69,158737
8790,930176	-69,161232
8796,313477	-73,279358
8801,696777	-82,845230
8807,080078	-77,190208
8812,463379	-68,649223
8817,846680	-66,560944
8823,229980	-63,554043
8828,613281	-64,579636
8833,996582	-69,214485
8839,379883	-66,277290
8844,763184	-65,724304
8850,146484	-69,191940
8855,529785	-66,383469
8860,913086	-60,044899
8866,296387	-56,702621
8871,679688	-63,274483
8877,062988	-63,140839
8882,446289	-58,650318
8887,829590	-60,440964
8893,212891	-60,208988
8898,596191	-55,893375
8903,979492	-51,307396
8909,362793	-50,460056
8914,746094	-54,056656
8920,129395	-54,588284
8925,512695	-48,225784
8930,895996	-47,703644
8936,279297	-40,034164
8941,662598	-35,925037
8947,045898	-38,901997
8952,429199	-41,765003
8957,812500	-42,636684
8963,195801	-44,766647
8968,579102	-49,334827
8973,962402	-52,537315
8979,345703	-54,299770
8984,729004	-56,767807
8990,112305	-61,608719
8995,495605	-60,568584
9000,878906	-59,242477
9006,262207	-63,080235
9011,645508	-58,544682
9017,028809	-62,080074
9022,412109	-63,291813
9027,795410	-61,279690
9033,178711	-59,093285
9038,562012	-65,820610
9043,945312	-60,039543
9049,328613	-62,035831
9054,711914	-60,240543
9060,095215	-58,528313
9065,478516	-57,021824
9070,861816	-55,840176
9076,245117	-58,166370
9081,628418	-64,668755
9087,011719	-74,265381
9092,395020	-69,286522
9097,778320	-70,488152
9103,161621	-70,356369
9108,544922	-73,600258
9113,928223	-74,216370
9119,311523	-70,956390
9124,694824	-69,792831
9130,078125	-72,341690
9135,461426	-76,166962
9140,844727	-78,705971
9146,228027	-85,004761
9151,611328	-93,196861
9156,994629	-84,662285
9162,377930	-86,421593
9167,761230	-76,912514
9173,144531	-77,359238
9178,527832	-85,965752
9183,911133	-90,296455
9189,294434	-88,252457
9194,677734	-85,694496
9200,061035	-79,137383
9205,444336	-81,775368
9210,827637	-73,281540
9216,210938	-72,159088
9221,594238	-77,174644
9226,977539	-86,740807
9232,360840	-81,632347
9237,744141	-79,456474
9243,127441	-80,707123
9248,510742	-84,250038
9253,894043	-83,338333
9259,277344	-79,298866
9264,660645	-74,002434
9270,043945	-76,784821
9275,427246	-71,568764
9280,810547	-75,139450
9286,193848	-66,987068
9291,577148	-65,271278
9296,960449	-81,596024
9302,343750	-69,162437
9307,727051	-65,332954
9313,110352	-67,225395
9318,493652	-66,651993
9323,876953	-63,193386
9329,260254	-63,959946
9334,643555	-63,276707
9340,026855	-57,609005
9345,410156	-59,749943
9350,793457	-60,190605
9356,176758	-57,280502
9361,560059	-59,887730
9366,943359	-53,397350
9372,326660	-55,575542
9377,709961	-49,987835
9383,093262	-37,559620
9388,476562	-32,263931
9393,859863	-35,177399
9399,243164	-54,951157
9404,626465	-42,903881
9410,009766	-57,560661
9415,393066	-47,166096
9420,776367	-48,102787
9426,159668	-54,977009
9431,542969	-59,830574
9436,926270	-60,295261
9442,309570	-70,411522
9447,692871	-65,194794
9453,076172	-62,048550
9458,459473	-66,340927
9463,842773	-69,870110
9469,226074	-64,597977
9474,609375	-63,805721
9479,992676	-68,096901
9485,375977	-70,779892
9490,759277	-61,623943
9496,142578	-56,806160
9501,525879	-58,347507
9506,909180	-57,751480
9512,292480	-57,686821
9517,675781	-51,192734
9523,059082	-53,211746
9528,442383	-59,507957
9533,825684	-64,181900
9539,208984	-58,138603
9544,592285	-57,695251
9549,975586	-59,975891
9555,358887	-64,550613
9560,742188	-75,211052
9566,125488	-74,559067
9571,508789	-74,379791
9576,892090	-72,143364
9582,275391	-74,148514
9587,658691	-79,370461
9593,041992	-72,018623
9598,425293	-71,435600
9603,808594	-76,898544
9609,191895	-81,111694
9614,575195	-74,592117
9619,958496	-73,625992
9625,341797	-76,623260
9630,725098	-73,261169
9636,108398	-74,198166
9641,491699	-77,949699
9646,875000	-78,544304
9652,258301	-70,308067
9657,641602	-66,687767
9663,024902	-71,343475
9668,408203	-73,893921
9673,791504	-71,146393
9679,174805	-75,397652
9684,558105	-72,813911
9689,941406	-68,879013
9695,324707	-67,632309
9700,708008	-67,588081
9706,091309	-72,697800
9711,474609	-66,267899
9716,857910	-59,261757
9722,241211	-61,083012
9727,624512	-65,788155
9733,007812	-70,237663
9738,391113	-68,119591
9743,774414	-57,459049
9749,157715	-56,758793
9754,541016	-58,388275
9759,924316	-48,157127
9765,307617	-44,209690
9770,690918	-44,181126
9776,074219	-46,945950
9781,457520	-40,478058
9786,840820	-34,713718
9792,224121	-35,234505
9797,607422	-43,547649
9802,990723	-53,195366
9808,374023	-55,916862
9813,757324	-55,493961
9819,140625	-57,190578
9824,523926	-62,222649
9829,907227	-59,719696
9835,290527	-59,105236
9840,673828	-61,128048
9846,057129	-59,484596
9851,440430	-61,873978
9856,823730	-64,059898
9862,207031	-63,334011
9867,590332	-66,936272
9872,973633	-64,709496
9878,356934	-70,263481
9883,740234	-63,014236
9889,123535	-60,837296
9894,506836	-66,583771
9899,890137	-67,083481
9905,273438	-70,221901
9910,656738	-83,828201
9916,040039	-71,142639
9921,423340	-73,444550
9926,806641	-80,393242
9932,189941	-73,986900
9937,573242	-77,883232
9942,956543	-82,732712
9948,339844	-80,212013
9953,723145	-79,869041
9959,106445	-73,278053
9964,489746	-69,665588
9969,873047	-75,923943
9975,256348	-79,211571
9980,639648	-81,466454
9986,022949	-81,552849
9991,406250	-76,838531
9996,789551	-74,617340
10002,172852	-75,404106
10007,556152	-76,885544
10012,939453	-74,209480
10018,322754	-70,709641
10023,706055	-68,579536
10029,089355	-68,910088
10034,472656	-72,231834
10039,855957	-75,996895
10045,239258	-74,779709
10050,622559	-70,608322
10056,005859	-68,511780
10061,389160	-68,830421
10066,772461	-69,606537
10072,155762	-70,330009
10077,539062	-73,264595
10082,922363	-71,436676
10088,305664	-71,388214
10093,688965	-69,941956
10099,072266	-68,346397
10104,455566	-68,890457
10109,838867	-69,615196
10115,222168	-69,740227
10120,605469	-68,934891
10125,988770	-69,515808
10131,372070	-66,406670
10136,755371	-66,647278
10142,138672	-67,729584
10147,521973	-69,137444
10152,905273	-69,474274
10158,288574	-65,244034
10163,671875	-64,826591
10169,055176	-62,728683
10174,438477	-63,407238
10179,821777	-69,528282
10185,205078	-65,204056
10190,588379	-60,893810
10195,971680	-58,554928
10201,354980	-53,617489
10206,738281	-51,072559
10212,121582	-49,753605
10217,504883	-50,483162
10222,888184	-36,095661
10228,271484	-34,633797
10233,654785	-40,545174
10239,038086	-44,931881
10244,421387	-47,318417
10249,804688	-53,521965
10255,187988	-62,017952
10260,571289	-58,277206
10265,954590	-59,029224
10271,337891	-61,054066
10276,721191	-67,420937
10282,104492	-63,269840
10287,487793	-65,082245
10292,871094	-65,652550
10298,254395	-66,170288
10303,637695	-70,894691
10309,020996	-72,502785
10314,404297	-70,468964
10319,787598	-74,300835
10325,170898	-68,326057
10330,554199	-67,099503
10335,937500	-72,660400
10341,320801	-74,423149
10346,704102	-71,256454
10352,087402	-67,109581
10357,470703	-68,478203
10362,854004	-69,480583
10368,237305	-72,445847
10373,620605	-72,937462
10379,003906	-71,092850
10384,387207	-70,269447
10389,770508	-71,735901
10395,153809	-69,364952
10400,537109	-73,483253
10405,920410	-76,238297
10411,303711	-74,077507
10416,687012	-74,056114
10422,070312	-74,948845
10427,453613	-66,117844
10432,836914	-68,189491
10438,220215	-65,547554
10443,603516	-67,658905
10448,986816	-74,476784
10454,370117	-73,588501
10459,753418	-70,002716
10465,136719	-69,037743
10470,520020	-70,029121
10475,903320	-72,773987
10481,286621	-74,140160
10486,669922	-72,968758
10492,053223	-74,152504
10497,436523	-75,897034
10502,819824	-75,459892
10508,203125	-74,971268
10513,586426	-75,306602
10518,969727	-77,735168
10524,353027	-85,858780
10529,736328	-79,657867
10535,119629	-73,538063
10540,502930	-78,020493
10545,886230	-81,864624
10551,269531	-80,142838
10556,652832	-74,888985
10562,036133	-80,357552
10567,419434	-79,405174
10572,802734	-74,642372
10578,186035	-72,688324
10583,569336	-72,150345
10588,952637	-71,719063
10594,335938	-67,693169
10599,719238	-70,117340
10605,102539	-68,530518
10610,485840	-74,555016
10615,869141	-66,598824
10621,252441	-69,421722
10626,635742	-62,988136
10632,019043	-63,289326
10637,402344	-65,319870
10642,785645	-60,932682
10648,168945	-62,425632
10653,552246	-57,646255
10658,935547	-57,473949
10664,318848	-46,170311
10669,702148	-38,276321
10675,085449	-40,385815
10680,468750	-53,156284
10685,852051	-59,001289
10691,235352	-60,950623
10696,618652	-76,179726
10702,001953	-63,423973
10707,385254	-65,417389
10712,768555	-62,612637
10718,151855	-62,226711
10723,535156	-70,031944
10728,918457	-64,640343
10734,301758	-67,305588
10739,685059	-68,417801
10745,068359	-69,924461
10750,451660	-81,930222
10755,834961	-73,850121
10761,218262	-73,229500
10766,601562	-72,391037
10771,984863	-71,063416
10777,368164	-80,415993
10782,751465	-76,143288
10788,134766	-76,220810
10793,518066	-83,727692
10798,901367	-88,345200
10804,284668	-83,396988
10809,667969	-78,400673
10815,051270	-73,220238
10820,434570	-74,822624
10825,817871	-80,716103
10831,201172	-82,680367
10836,584473	-82,118057
10841,967773	-82,569969
10847,351074	-75,950287
10852,734375	-76,523666
10858,117676	-75,402214
10863,500977	-75,549385
10868,884277	-77,199806
10874,267578	-75,520233
10879,650879	-71,895721
10885,034180	-71,730148
10890,417480	-69,693733
10895,800781	-73,528275
10901,184082	-73,797783
10906,567383	-75,281723
10911,950684	-82,161743
10917,333984	-80,632317
10922,717285	-76,987808
10928,100586	-85,111221
10933,483887	-82,566422
10938,867188	-76,083031
10944,250488	-71,404884
10949,633789	-72,081787
10955,017090	-70,816269
10960,400391	-76,913544
10965,783691	-72,379135
10971,166992	-70,876617
10976,550293	-70,487968
10981,933594	-67,407066
10987,316895	-67,295570
10992,700195	-74,749260
10998,083496	-71,000259
11003,466797	-74,370064
11008,850098	-72,004829
11014,233398	-75,970612
11019,616699	-76,637405
11025,000000	-74,859573
11030,383301	-68,252434
11035,766602	-65,327110
11041,149902	-66,834641
11046,533203	-68,489059
11051,916504	-63,889103
11057,299805	-63,289200
11062,683105	-66,447762
11068,066406	-65,192245
11073,449707	-69,288925
11078,833008	-64,249054
11084,216309	-60,845276
11089,599609	-58,786175
11094,982910	-62,807755
11100,366211	-61,455681
11105,749512	-57,005730
11111,132812	-53,444641
11116,516113	-38,766602
11121,899414	-36,215473
11127,282715	-43,551720
11132,666016	-54,294250
11138,049316	-58,347439
11143,432617	-60,147778
11148,815918	-60,621826
11154,199219	-61,537014
11159,582520	-61,768517
11164,965820	-64,170944
11170,349121	-69,633202
11175,732422	-68,807846
11181,115723	-70,316216
11186,499023	-66,055618
11191,882324	-67,265442
11197,265625	-62,175785
11202,648926	-62,551365
11208,032227	-69,128365
11213,415527	-70,436821
11218,798828	-73,206573
11224,182129	-69,681831
11229,565430	-66,417450
11234,948730	-63,575668
11240,332031	-64,930130
11245,715332	-68,035789
11251,098633	-71,523155
11256,481934	-77,076515
11261,865234	-84,797493
11267,248535	-80,750603
11272,631836	-76,529167
11278,015137	-75,293503
11283,398438	-76,880173
11288,781738	-79,472702
11294,165039	-79,568176
11299,548340	-78,647812
11304,931641	-75,854965
11310,314941	-77,977875
11315,698242	-79,543404
11321,081543	-78,037033
11326,464844	-78,452660
11331,848145	-80,918098
11337,231445	-83,214890
11342,614746	-85,941307
11347,998047	-87,680618
11353,381348	-88,756752
11358,764648	-92,366341
11364,147949	-96,527786
11369,531250	-106,178993
11374,914551	-106,557678
11380,297852	-91,425468
11385,681152	-80,769043
11391,064453	-78,526329
11396,447754	-79,170662
11401,831055	-82,356071
11407,214355	-85,367134
11412,597656	-92,797478
11417,980957	-88,168633
11423,364258	-86,691452
11428,747559	-86,571869
11434,130859	-84,977119
11439,514160	-88,545265
11444,897461	-93,493340
11450,280762	-88,216141
11455,664062	-86,754997
11461,047363	-81,290268
11466,430664	-78,075836
11471,813965	-75,481117
11477,197266	-69,796707
11482,580566	-79,278183
11487,963867	-77,077499
11493,347168	-80,839333
11498,730469	-69,848862
11504,113770	-70,634033
11509,497070	-80,562431
11514,880371	-67,941551
11520,263672	-65,777679
11525,646973	-66,145073
11531,030273	-63,831440
11536,413574	-58,194351
11541,796875	-59,030972
11547,180176	-58,871887
11552,563477	-54,222847
11557,946777	-49,478100
11563,330078	-46,277599
11568,713379	-40,427158
11574,096680	-43,246040
11579,479980	-51,732704
11584,863281	-55,326595
11590,246582	-61,818333
11595,629883	-62,076939
11601,013184	-62,571449
11606,396484	-63,538509
11611,779785	-64,190445
11617,163086	-67,722282
11622,546387	-69,920860
11627,929688	-67,232208
11633,312988	-67,827644
11638,696289	-68,419121
11644,079590	-72,602226
11649,462891	-75,463531
11654,846191	-72,951363
11660,229492	-75,469398
11665,612793	-72,955330
11670,996094	-71,223251
11676,379395	-70,092041
11681,762695	-70,336319
11687,145996	-71,725273
11692,529297	-73,083908
11697,912598	-74,439568
11703,295898	-73,150734
11708,679199	-78,957344
11714,062500	-85,954208
11719,445801	-78,545425
11724,829102	-79,008255
11730,212402	-82,085846
11735,595703	-82,539871
11740,979004	-82,514839
11746,362305	-86,199638
11751,745605	-90,593842
11757,128906	-93,769882
11762,512207	-95,299797
11767,895508	-85,589745
11773,278809	-94,956673
11778,662109	-86,535370
11784,045410	-87,043144
11789,428711	-88,167328
11794,812012	-80,891190
11800,195312	-74,686165
11805,578613	-77,273430
11810,961914	-79,434502
11816,345215	-79,412407
11821,728516	-87,720139
11827,111816	-89,080650
11832,495117	-89,774460
11837,878418	-88,039970
11843,261719	-85,170158
11848,645020	-82,754173
11854,028320	-78,996063
11859,411621	-76,882179
11864,794922	-77,154869
11870,178223	-71,383812
11875,561523	-67,441841
11880,944824	-71,857582
11886,328125	-78,788406
11891,711426	-83,310951
11897,094727	-82,495636
11902,478027	-79,070847
11907,861328	-81,979530
11913,244629	-79,860634
11918,627930	-78,930748
11924,011230	-79,200966
11929,394531	-79,770164
11934,777832	-80,624741
11940,161133	-84,698959
11945,544434	-75,804245
11950,927734	-72,533310
11956,311035	-71,025497
11961,694336	-71,075836
11967,077637	-73,801590
11972,460938	-68,614944
11977,844238	-67,461449
11983,227539	-63,083557
11988,610840	-59,662243
11993,994141	-62,763138
11999,377441	-60,073048
12004,760742	-52,671425
12010,144043	-45,280735
12015,527344	-47,700169
12020,910645	-52,900902
12026,293945	-59,503159
12031,677246	-56,575230
12037,060547	-64,527351
12042,443848	-63,282887
12047,827148	-60,719688
12053,210449	-61,826637
12058,593750	-70,190147
12063,977051	-69,779503
12069,360352	-66,582977
12074,743652	-74,253235
12080,126953	-76,914467
12085,510254	-74,576393
12090,893555	-75,918686
12096,276855	-74,890541
12101,660156	-72,272743
12107,043457	-73,424759
12112,426758	-76,142097
12117,810059	-76,089546
12123,193359	-78,508728
12128,576660	-76,011314
12133,959961	-74,951965
12139,343262	-75,100113
12144,726562	-76,233109
12150,109863	-79,711197
12155,493164	-81,305397
12160,876465	-78,206970
12166,259766	-79,608719
12171,643066	-82,001137
12177,026367	-80,313293
12182,409668	-80,761742
12187,792969	-88,299583
12193,176270	-94,026520
12198,559570	-98,203705
12203,942871	-92,234673
12209,326172	-92,203880
12214,709473	-92,552338
12220,092773	-101,410057
12225,476074	-85,966362
12230,859375	-82,060532
12236,242676	-84,897377
12241,625977	-88,916801
12247,009277	-92,400635
12252,392578	-93,000267
12257,775879	-91,169243
12263,159180	-86,409309
12268,542480	-84,028000
12273,925781	-86,385017
12279,309082	-84,752098
12284,692383	-80,949844
12290,075684	-81,002266
12295,458984	-84,096588
12300,842285	-80,386436
12306,225586	-72,719894
12311,608887	-72,001678
12316,992188	-75,329155
12322,375488	-83,945175
12327,758789	-75,746315
12333,142090	-74,234520
12338,525391	-77,370285
12343,908691	-76,505325
12349,291992	-72,713829
12354,675293	-75,940308
12360,058594	-77,765739
12365,441895	-77,964607
12370,825195	-74,021408
12376,208496	-73,065750
12381,591797	-71,261833
12386,975098	-75,794838
12392,358398	-68,153664
12397,741699	-66,367973
12403,125000	-67,539246
12408,508301	-67,044205
12413,891602	-66,649246
12419,274902	-64,849678
12424,658203	-58,577957
12430,041504	-57,453667
12435,424805	-65,458778
12440,808105	-62,149075
12446,191406	-55,014549
12451,574707	-59,232132
12456,958008	-47,171680
12462,341309	-45,937046
12467,724609	-50,680786
12473,107910	-54,680046
12478,491211	-54,015949
12483,874512	-53,495461
12489,257812	-57,046829
12494,641113	-64,508324
12500,024414	-61,257797
12505,407715	-63,450405
12510,791016	-60,835526
12516,174316	-61,153721
12521,557617	-64,189873
12526,940918	-68,871735
12532,324219	-74,391380
12537,707520	-73,015335
12543,090820	-76,696297
12548,474121	-67,364296
12553,857422	-66,203064
12559,240723	-70,672668
12564,624023	-67,115913
12570,007324	-63,212044
12575,390625	-65,444458
12580,773926	-66,931847
12586,157227	-71,185799
12591,540527	-64,829483
12596,923828	-66,729881
12602,307129	-69,831627
12607,690430	-77,790291
12613,073730	-75,843033
12618,457031	-79,563789
12623,840332	-76,287643
12629,223633	-85,189964
12634,606934	-89,509605
12639,990234	-82,004295
12645,373535	-83,866089
12650,756836	-84,773247
12656,140137	-86,594398
12661,523438	-90,191940
12666,906738	-94,418732
12672,290039	-95,476685
12677,673340	-96,083946
12683,056641	-90,195923
12688,439941	-90,347221
12693,823242	-92,498360
12699,206543	-93,557159
12704,589844	-97,702805
12709,973145	-99,270027
12715,356445	-94,099037
12720,739746	-97,432632
12726,123047	-93,370964
12731,506348	-86,325356
12736,889648	-85,115822
12742,272949	-88,261368
12747,656250	-94,002777
12753,039551	-87,760124
12758,422852	-86,943924
12763,806152	-87,077713
12769,189453	-88,797684
12774,572754	-89,343788
12779,956055	-86,442108
12785,339355	-82,754669
12790,722656	-79,018333
12796,105957	-79,547401
12801,489258	-79,333260
12806,872559	-73,028328
12812,255859	-69,271591
12817,639160	-72,716431
12823,022461	-75,848907
12828,405762	-70,720657
12833,789062	-65,880699
12839,172363	-71,543205
12844,555664	-71,944992
12849,938965	-71,975204
12855,322266	-65,691238
12860,705566	-62,189255
12866,088867	-61,426342
12871,472168	-66,288696
12876,855469	-68,887177
12882,238770	-65,550499
12887,622070	-60,584217
12893,005371	-59,843407
12898,388672	-57,392284
12903,771973	-49,942394
12909,155273	-47,998760
12914,538574	-50,066689
12919,921875	-54,067760
12925,305176	-56,842922
12930,688477	-61,048775
12936,071777	-60,278397
12941,455078	-59,568424
12946,838379	-61,425930
12952,221680	-75,204491
12957,604980	-70,877853
12962,988281	-68,053802
12968,371582	-69,799324
12973,754883	-72,317215
12979,138184	-72,107231
12984,521484	-70,726723
12989,904785	-71,885681
12995,288086	-75,178391
13000,671387	-81,523071
13006,054688	-84,840286
13011,437988	-87,539520
13016,821289	-97,152840
13022,204590	-92,057190
13027,587891	-83,214394
13032,971191	-82,713974
13038,354492	-81,707397
13043,737793	-82,220490
13049,121094	-86,723610
13054,504395	-95,040527
13059,887695	-97,893036
13065,270996	-95,744469
13070,654297	-97,774727
13076,037598	-90,104279
13081,420898	-88,757599
13086,804199	-95,191658
13092,187500	-102,771919
13097,570801	-89,063255
13102,954102	-84,783188
13108,337402	-84,161430
13113,720703	-85,781380
13119,104004	-92,129387
13124,487305	-93,332420
13129,870605	-91,517044
13135,253906	-96,049744
13140,637207	-92,135551
13146,020508	-92,796875
13151,403809	-94,589211
13156,787109	-93,087036
13162,170410	-99,508698
13167,553711	-94,031784
13172,937012	-92,956833
13178,320312	-93,245628
13183,703613	-96,469711
13189,086914	-102,548248
13194,470215	-92,897942
13199,853516	-93,789978
13205,236816	-93,237991
13210,620117	-92,812546
13216,003418	-87,017303
13221,386719	-81,872635
13226,770020	-78,159554
13232,153320	-79,800499
13237,536621	-86,924767
13242,919922	-93,742722
13248,303223	-84,765823
13253,686523	-86,961975
13259,069824	-91,459763
13264,453125	-96,071693
13269,836426	-90,680145
13275,219727	-91,175148
13280,603027	-89,678009
13285,986328	-81,271904
13291,369629	-78,795685
13296,752930	-80,925262
13302,136230	-79,627464
13307,519531	-79,130150
13312,902832	-76,413750
13318,286133	-74,930740
13323,669434	-72,935646
13329,052734	-70,467194
13334,436035	-74,184616
13339,819336	-69,921349
13345,202637	-69,547935
13350,585938	-64,091187
13355,969238	-60,923542
13361,352539	-60,870453
13366,735840	-66,542885
13372,119141	-73,976166
13377,502441	-75,068069
13382,885742	-80,741501
13388,269043	-79,794777
13393,652344	-80,639282
13399,035645	-76,522705
13404,418945	-77,862816
13409,802246	-85,907455
13415,185547	-82,860176
13420,568848	-84,702110
13425,952148	-89,426819
13431,335449	-88,793457
13436,718750	-86,512611
13442,102051	-84,866829
13447,485352	-87,888382
13452,868652	-93,755730
13458,251953	-86,932373
13463,635254	-92,449387
13469,018555	-95,193336
13474,401855	-106,481056
13479,785156	-103,461426
13485,168457	-97,291100
13490,551758	-96,416473
13495,935059	-98,572868
13501,318359	-107,589661
13506,701660	-101,176514
13512,084961	-105,828094
13517,468262	-101,966797
13522,851562	-104,008453
13528,234863	-104,592422
13533,618164	-104,042236
13539,001465	-110,028244
13544,384766	-115,312622
13549,768066	-110,147614
13555,151367	-117,863007
13560,534668	-106,804756
13565,917969	-107,884628
13571,301270	-108,740768
13576,684570	-104,312790
13582,067871	-122,565361
13587,451172	-112,732124
13592,834473	-110,969025
13598,217773	-110,091949
13603,601074	-105,327438
13608,984375	-107,710281
13614,367676	-115,168297
13619,750977	-110,344933
13625,134277	-119,298698
13630,517578	-114,134148
13635,900879	-111,982574
13641,284180	-107,107536
13646,667480	-101,486664
13652,050781	-98,083130
13657,434082	-102,481888
13662,817383	-120,605385
13668,200684	-112,714355
13673,583984	-104,963371
13678,967285	-95,508636
13684,350586	-96,331078
13689,733887	-100,270271
13695,117188	-97,022469
13700,500488	-97,321213
13705,883789	-96,629707
13711,267090	-95,457375
13716,650391	-91,667053
13722,033691	-87,936172
13727,416992	-88,621536
13732,800293	-95,434120
13738,183594	-97,332977
13743,566895	-94,384865
13748,950195	-89,672562
13754,333496	-85,349777
13759,716797	-81,198326
13765,100098	-73,952438
13770,483398	-75,454590
13775,866699	-77,839989
13781,250000	-78,187164
13786,633301	-75,119476
13792,016602	-80,336113
13797,399902	-75,320763
13802,783203	-65,505089
13808,166504	-64,054344
13813,549805	-72,073502
13818,933105	-84,115089
13824,316406	-79,782280
13829,699707	-80,694374
13835,083008	-85,162971
13840,466309	-87,453758
13845,849609	-86,063751
13851,232910	-89,777519
13856,616211	-92,986122
13861,999512	-93,653336
13867,382812	-91,381073
13872,766113	-91,070595
13878,149414	-90,673706
13883,532715	-88,727371
13888,916016	-95,825562
13894,299316	-109,467705
13899,682617	-105,985817
13905,065918	-92,556953
13910,449219	-90,012917
13915,832520	-95,697021
13921,215820	-104,544975
13926,599121	-109,283051
13931,982422	-114,028618
13937,365723	-116,399117
13942,749023	-112,115204
13948,132324	-111,629776
13953,515625	-108,253525
13958,898926	-104,115623
13964,282227	-107,429039
13969,665527	-118,528664
13975,048828	-121,695160
13980,432129	-106,369331
13985,815430	-101,747406
13991,198730	-105,414787
13996,582031	-112,982384
14001,965332	-117,910057
14007,348633	-121,729927
14012,731934	-124,977791
14018,115234	-120,061760
14023,498535	-120,115036
14028,881836	-115,525146
14034,265137	-110,362648
14039,648438	-111,986244
14045,031738	-122,233498
14050,415039	-132,017624
14055,798340	-115,602592
14061,181641	-108,899559
14066,564941	-110,793663
14071,948242	-118,132019
14077,331543	-123,344757
14082,714844	-125,296173
14088,098145	-129,957108
14093,481445	-126,042252
14098,864746	-126,181580
14104,248047	-121,640953
14109,631348	-116,023033
14115,014648	-115,762199
14120,397949	-123,593781
14125,781250	-139,855850
14131,164551	-124,165985
14136,547852	-114,874008
14141,931152	-115,006638
14147,314453	-120,368721
14152,697754	-120,702194
14158,081055	-120,954689
14163,464355	-128,527924
14168,847656	-131,018250
14174,230957	-132,141525
14179,614258	-127,253067
14184,997559	-122,263481
14190,380859	-119,762054
14195,764160	-121,150352
14201,147461	-130,769119
14206,530762	-131,819305
14211,914062	-120,450897
14217,297363	-118,784912
14222,680664	-123,517921
14228,063965	-127,707214
14233,447266	-130,349457
14238,830566	-136,654755
14244,213867	-136,299683
14249,597168	-134,984329
14254,980469	-132,377258
14260,363770	-120,372238
14265,747070	-116,977150
14271,130371	-123,855118
14276,513672	-142,763062
14281,896973	-139,748337
14287,280273	-126,180054
14292,663574	-123,209129
14298,046875	-127,225586
14303,430176	-128,934723
14308,813477	-138,081757
14314,196777	-142,851929
14319,580078	-141,859406
14324,963379	-134,490738
14330,346680	-135,450775
14335,729980	-135,327316
14341,113281	-130,819458
14346,496582	-132,606171
14351,879883	-143,325912
14357,263184	-147,165833
14362,646484	-132,814453
14368,029785	-128,987732
14373,413086	-128,005051
14378,796387	-131,055740
14384,179688	-145,493912
14389,562988	-146,411407
14394,946289	-147,689102
14400,329590	-144,817871
14405,712891	-145,460678
14411,096191	-149,721512
14416,479492	-145,505951
14421,862793	-143,036331
14427,246094	-146,733322
14432,629395	-156,194107
14438,012695	-146,571594
14443,395996	-138,899933
14448,779297	-137,996674
14454,162598	-142,438202
14459,545898	-148,013519
14464,929199	-151,862152
14470,312500	-150,493896
14475,695801	-152,752289
14481,079102	-151,288589
14486,462402	-142,271194
14491,845703	-134,686096
14497,229004	-135,732147
14502,612305	-145,185440
14507,995605	-153,857208
14513,378906	-159,318970
14518,762207	-148,721085
14524,145508	-147,220413
14529,528809	-150,872818
14534,912109	-148,890030
14540,295410	-150,016495
14545,678711	-159,510727
14551,062012	-152,822845
14556,445312	-144,159210
14561,828613	-131,990936
14567,211914	-128,884949
14572,595215	-133,005554
14577,978516	-142,253693
14583,361816	-151,617477
14588,745117	-150,236557
14594,128418	-145,181686
14599,511719	-138,333908
14604,895020	-140,559677
14610,278320	-132,338287
14615,661621	-132,267471
14621,044922	-142,842514
14626,428223	-149,224457
14631,811523	-146,203506
14637,194824	-135,647980
14642,578125	-133,930099
14647,961426	-144,186569
14653,344727	-148,044037
14658,728027	-149,969116
14664,111328	-149,615738
14669,494629	-123,993896
14674,877930	-115,593796
14680,261230	-119,080399
14685,644531	-138,725586
14691,027832	-146,639343
14696,411133	-147,437439
14701,794434	-148,092133
14707,177734	-139,133942
14712,561035	-135,032745
14717,944336	-140,920456
14723,327637	-150,697769
14728,710938	-147,141449
14734,094238	-145,090897
14739,477539	-128,418396
14744,860840	-120,718559
14750,244141	-118,730957
14755,627441	-125,329109
14761,010742	-138,172165
14766,394043	-144,414688
14771,777344	-146,319229
14777,160645	-135,176407
14782,543945	-127,094574
14787,927246	-127,766800
14793,310547	-141,104553
14798,693848	-145,934082
14804,077148	-148,389771
14809,460449	-147,655380
14814,843750	-145,592560
14820,227051	-135,460999
14825,610352	-133,094482
14830,993652	-138,217682
14836,376953	-148,754990
14841,760254	-148,675873
14847,143555	-151,416168
14852,526855	-148,575302
14857,910156	-148,879318
14863,293457	-148,047440
14868,676758	-151,857239
14874,060059	-153,485901
14879,443359	-156,121674
14884,826660	-156,113358
14890,209961	-159,935074
14895,593262	-156,319412
14900,976562	-155,469803
14906,359863	-154,243210
14911,743164	-158,232559
14917,126465	-154,869003
14922,509766	-152,835602
14927,893066	-146,420624
14933,276367	-146,810104
14938,659668	-141,992096
14944,042969	-140,820175
14949,426270	-149,282196
14954,809570	-155,583267
14960,192871	-153,565079
14965,576172	-160,323380
14970,959473	-160,344788
14976,342773	-156,039093
14981,726074	-153,900360
14987,109375	-151,857208
14992,492676	-151,941193
14997,875977	-156,431900
15003,259277	-150,128220
15008,642578	-148,596039
15014,025879	-142,092682
15019,409180	-144,696671
15024,792480	-152,540176
15030,175781	-148,355728
15035,559082	-147,894012
15040,942383	-140,154129
15046,325684	-125,789368
15051,708984	-123,847069
15057,092285	-130,212967
15062,475586	-135,708542
15067,858887	-137,391663
15073,242188	-140,308060
15078,625488	-133,492737
15084,008789	-124,172119
15089,392090	-127,159187
15094,775391	-138,195023
15100,158691	-149,661758
15105,541992	-147,626266
15110,925293	-148,713150
15116,308594	-135,817749
15121,691895	-126,011986
15127,075195	-123,825996
15132,458496	-131,731750
15137,841797	-142,784042
15143,225098	-153,780746
15148,608398	-154,887558
15153,991699	-157,933777
15159,375000	-152,859375
15164,758301	-152,504761
15170,141602	-156,640778
15175,524902	-154,433411
15180,908203	-141,384369
15186,291504	-130,469376
15191,674805	-122,320938
15197,058105	-124,202011
15202,441406	-134,536835
15207,824707	-147,613632
15213,208008	-158,860184
15218,591309	-149,600021
15223,974609	-141,231888
15229,357910	-134,166473
15234,741211	-132,149384
15240,124512	-140,209000
15245,507812	-150,803467
15250,891113	-153,250931
15256,274414	-157,456497
15261,657715	-154,044601
15267,041016	-142,160248
15272,424316	-142,194107
15277,807617	-157,320816
15283,190918	-152,529037
15288,574219	-156,646851
15293,957520	-151,802765
15299,340820	-142,156677
15304,724121	-139,209030
15310,107422	-143,744492
15315,490723	-146,042450
15320,874023	-150,488708
15326,257324	-148,705750
15331,640625	-151,045731
15337,023926	-154,291245
15342,407227	-154,993271
15347,790527	-154,573334
15353,173828	-154,614685
15358,557129	-151,685165
15363,940430	-154,255188
15369,323730	-148,345200
15374,707031	-139,540573
15380,090332	-140,767563
15385,473633	-149,908066
15390,856934	-147,557907
15396,240234	-160,169067
15401,623535	-154,668747
15407,006836	-150,255737
15412,390137	-144,431564
15417,773438	-140,678833
15423,156738	-143,788986
15428,540039	-148,172852
15433,923340	-147,202408
15439,306641	-149,390015
15444,689941	-154,561066
15450,073242	-154,876495
15455,456543	-147,976257
15460,839844	-150,017593
15466,223145	-149,792084
15471,606445	-152,173080
15476,989746	-151,823471
15482,373047	-148,924637
15487,756348	-139,351227
15493,139648	-132,318405
15498,522949	-134,459442
15503,906250	-148,574265
15509,289551	-148,444839
15514,672852	-143,150848
15520,056152	-141,861267
15525,439453	-141,972824
15530,822754	-127,126343
15536,206055	-126,598770
15541,589355	-134,486374
15546,972656	-145,343414
15552,355957	-145,696533
15557,739258	-138,368546
15563,122559	-123,806473
15568,505859	-117,331009
15573,889160	-119,022110
15579,272461	-126,680710
15584,655762	-140,821442
15590,039062	-146,073975
15595,422363	-151,301971
15600,805664	-147,556412
15606,188965	-140,202377
15611,572266	-143,178345
15616,955566	-152,562897
15622,338867	-159,024780
15627,722168	-156,806244
15633,105469	-146,680695
15638,488770	-130,532639
15643,872070	-127,087326
15649,255371	-135,374588
15654,638672	-155,714676
15660,021973	-167,750839
15665,405273	-148,754517
15670,788574	-138,194595
15676,171875	-129,281998
15681,555176	-130,272064
15686,938477	-141,583130
15692,321777	-148,698639
15697,705078	-144,249496
15703,088379	-136,053955
15708,471680	-136,516449
15713,854980	-144,403214
15719,238281	-146,535507
15724,621582	-141,485565
15730,004883	-141,602036
15735,388184	-146,498611
15740,771484	-153,803528
15746,154785	-134,039734
15751,538086	-126,944908
15756,921387	-129,967682
15762,304688	-143,760193
15767,687988	-151,260086
15773,071289	-158,958328
15778,454590	-159,667145
15783,837891	-158,661392
15789,221191	-155,437973
15794,604492	-157,965073
15799,987793	-162,059662
15805,371094	-160,854004
15810,754395	-149,886658
15816,137695	-148,162811
15821,520996	-139,520004
15826,904297	-137,160797
15832,287598	-142,030334
15837,670898	-148,307434
15843,054199	-149,857162
15848,437500	-149,084305
15853,820801	-149,041260
15859,204102	-149,429321
15864,587402	-143,831223
15869,970703	-136,448868
15875,354004	-138,652390
15880,737305	-148,663879
15886,120605	-154,798172
15891,503906	-155,093521
15896,887207	-159,194550
15902,270508	-146,328613
15907,653809	-144,321182
15913,037109	-150,381073
15918,420410	-156,987106
15923,803711	-157,264618
15929,187012	-156,867142
15934,570312	-161,805664
15939,953613	-153,803802
15945,336914	-149,633789
15950,720215	-154,993729
15956,103516	-157,723587
15961,486816	-147,671097
15966,870117	-144,051422
15972,253418	-145,137558
15977,636719	-146,002136
15983,020020	-144,348282
15988,403320	-134,911026
15993,786621	-134,417480
15999,169922	-139,209610
16004,553223	-141,583038
16009,936523	-131,293854
16015,319824	-120,165962
16020,703125	-118,928467
16026,086426	-127,108383
16031,469727	-138,937546
16036,853027	-146,837158
16042,236328	-149,837357
16047,619629	-126,993958
16053,002930	-118,866386
16058,386230	-122,362015
16063,769531	-139,992981
16069,152832	-152,760635
16074,536133	-148,092285
16079,919434	-155,874954
16085,302734	-138,298050
16090,686035	-133,957901
16096,069336	-140,888657
16101,452637	-151,884842
16106,835938	-152,996445
16112,219238	-147,992249
16117,602539	-134,169037
16122,985840	-126,958572
16128,369141	-125,635666
16133,752441	-131,966019
16139,135742	-148,735657
16144,519043	-149,458542
16149,902344	-137,904373
16155,285645	-128,088043
16160,668945	-120,654869
16166,052246	-121,597260
16171,435547	-136,558258
16176,818848	-137,918777
16182,202148	-143,774734
16187,585449	-149,193115
16192,968750	-147,935303
16198,352051	-136,211258
16203,735352	-133,678574
16209,118652	-139,711716
16214,501953	-149,346680
16219,885254	-152,185974
16225,268555	-151,880569
16230,651855	-151,977768
16236,035156	-148,509399
16241,418457	-145,106094
16246,801758	-151,421539
16252,185059	-156,911453
16257,568359	-153,111496
16262,951660	-153,353363
16268,334961	-154,332230
16273,718262	-147,722626
16279,101562	-142,843994
16284,484863	-145,725845
16289,868164	-158,222763
16295,251465	-151,422241
16300,634766	-152,151947
16306,018066	-150,728821
16311,401367	-150,987289
16316,784668	-152,732056
16322,167969	-155,698639
16327,551270	-165,872864
16332,934570	-162,610962
16338,317871	-160,330109
16343,701172	-156,290909
16349,084473	-153,267548
16354,467773	-153,966415
16359,851074	-152,645782
16365,234375	-154,278259
16370,617676	-153,031860
16376,000977	-152,108475
16381,384277	-147,964783
16386,767578	-147,421814
16392,150879	-144,854050
16397,534180	-142,523712
16402,917480	-143,107819
16408,300781	-144,903610
16413,684082	-143,773972
16419,067383	-142,474152
16424,450684	-127,447006
16429,833984	-125,753021
16435,217285	-132,050720
16440,600586	-136,272797
16445,983887	-139,154114
16451,367188	-143,810928
16456,750488	-134,392990
16462,133789	-126,902550
16467,517090	-128,698578
16472,900391	-137,268250
16478,283691	-146,401886
16483,666992	-149,712524
16489,050293	-148,049835
16494,433594	-137,315933
16499,816895	-126,083366
16505,200195	-123,768585
16510,583496	-131,403137
16515,966797	-141,388794
16521,350098	-154,778702
16526,733398	-157,757126
16532,116699	-151,528488
16537,500000	-150,923065
16542,883301	-155,325500
16548,266602	-156,938705
16553,649902	-158,540604
16559,033203	-149,420013
16564,416504	-140,194641
16569,799805	-131,615219
16575,183105	-134,528351
16580,566406	-143,238800
16585,949707	-149,429871
16591,333008	-155,509125
16596,716309	-155,455322
16602,099609	-146,340271
16607,482910	-144,728058
16612,866211	-145,872513
16618,249512	-139,986069
16623,632812	-139,563812
16629,016113	-142,201721
16634,399414	-138,430237
16639,782715	-133,531250
16645,166016	-126,703255
16650,549316	-128,489731
16655,932617	-142,866486
16661,315918	-147,322983
16666,699219	-145,171097
16672,082520	-151,653748
16677,465820	-140,492355
16682,849121	-138,926071
16688,232422	-143,649445
16693,615723	-145,977264
16698,999023	-151,704880
16704,382324	-149,601151
16709,765625	-152,186020
16715,148926	-153,572678
16720,532227	-151,711273
16725,915527	-151,860260
16731,298828	-154,334183
16736,682129	-158,635345
16742,065430	-157,665741
16747,448730	-148,686188
16752,832031	-138,907761
16758,215332	-140,671432
16763,598633	-146,627243
16768,981934	-143,910629
16774,365234	-148,331772
16779,748535	-152,419861
16785,131836	-156,357864
16790,515137	-147,997543
16795,898438	-143,709015
16801,281738	-142,576569
16806,665039	-145,525467
16812,048340	-153,946045
16817,431641	-152,331665
16822,814941	-158,423950
16828,198242	-157,047958
16833,581543	-149,102707
16838,964844	-146,416748
16844,348145	-150,738144
16849,731445	-151,928177
16855,114746	-145,288254
16860,498047	-147,341965
16865,881348	-135,491364
16871,264648	-129,164062
16876,647949	-131,224380
16882,031250	-142,717636
16887,414551	-148,755737
16892,797852	-154,956909
16898,181152	-140,558121
16903,564453	-138,714432
16908,947754	-124,285225
16914,331055	-123,211304
16919,714355	-130,349213
16925,097656	-140,093842
16930,480957	-147,309799
16935,864258	-159,203506
16941,247559	-136,522308
16946,630859	-129,831528
16952,014160	-131,146698
16957,397461	-138,056839
16962,780762	-149,049805
16968,164062	-151,968307
16973,547363	-160,285995
16978,930664	-153,334747
16984,313965	-148,275223
16989,697266	-151,136337
16995,080566	-158,114929
17000,463867	-156,927231
17005,847168	-159,422653
17011,230469	-152,894257
17016,613770	-138,946991
17021,997070	-135,846680
17027,380371	-144,154373
17032,763672	-155,725861
17038,146973	-155,046829
17043,530273	-147,900223
17048,913574	-140,142990
17054,296875	-132,702148
17059,680176	-133,835297
17065,063477	-145,477356
17070,446777	-149,019165
17075,830078	-138,417542
17081,213379	-127,661476
17086,596680	-127,496140
17091,979980	-134,572449
17097,363281	-136,949783
17102,746582	-139,461823
17108,129883	-138,550476
17113,513184	-138,973099
17118,896484	-143,456467
17124,279785	-134,478104
17129,663086	-126,655083
17135,046387	-129,459641
17140,429688	-142,274643
17145,812988	-150,067673
17151,196289	-155,066650
17156,579590	-155,080765
17161,962891	-153,856583
17167,346191	-154,683640
17172,729492	-157,870987
17178,112793	-155,202255
17183,496094	-154,965927
17188,879395	-153,059326
17194,262695	-155,849792
17199,645996	-141,890793
17205,029297	-139,938385
17210,412598	-146,112259
17215,795898	-154,523636
17221,179199	-152,499756
17226,562500	-157,250549
17231,945801	-155,524734
17237,329102	-150,652008
17242,712402	-144,381638
17248,095703	-138,304993
17253,479004	-139,751755
17258,862305	-149,198669
17264,245605	-160,062927
17269,628906	-159,044922
17275,012207	-157,900772
17280,395508	-154,088501
17285,778809	-152,330078
17291,162109	-156,472397
17296,545410	-150,781693
17301,928711	-152,325073
17307,312012	-148,136429
17312,695312	-142,025116
17318,078613	-128,921524
17323,461914	-126,370758
17328,845215	-134,194611
17334,228516	-148,055237
17339,611816	-145,630829
17344,995117	-144,218536
17350,378418	-142,740189
17355,761719	-140,689011
17361,145020	-136,030487
17366,528320	-127,677826
17371,911621	-127,398132
17377,294922	-138,028870
17382,678223	-147,351303
17388,061523	-143,237518
17393,444824	-130,391312
17398,828125	-129,155060
17404,211426	-138,185165
17409,594727	-151,090866
17414,978027	-149,983475
17420,361328	-147,976486
17425,744629	-124,071716
17431,127930	-115,623383
17436,511230	-119,241524
17441,894531	-141,244614
17447,277832	-146,434708
17452,661133	-145,732925
17458,044434	-146,302994
17463,427734	-140,353546
17468,811035	-137,350540
17474,194336	-144,710175
17479,577637	-154,271881
17484,960938	-149,597824
17490,344238	-152,324829
17495,727539	-138,881454
17501,110840	-133,483749
17506,494141	-136,096649
17511,877441	-144,132980
17517,260742	-152,464111
17522,644043	-153,870819
17528,027344	-155,621567
17533,410645	-146,851669
17538,793945	-137,171844
17544,177246	-136,782211
17549,560547	-153,856262
17554,943848	-141,680008
17560,327148	-139,075317
17565,710449	-145,876740
17571,093750	-146,661057
17576,477051	-134,838120
17581,860352	-133,269852
17587,243652	-139,445877
17592,626953	-148,603561
17598,010254	-151,572479
17603,393555	-152,243225
17608,776855	-154,243423
17614,160156	-154,888763
17619,543457	-155,357895
17624,926758	-157,598053
17630,310059	-155,578308
17635,693359	-152,775986
17641,076660	-149,805420
17646,459961	-156,045898
17651,843262	-152,043381
17657,226562	-147,715225
17662,609863	-150,546768
17667,993164	-154,806061
17673,376465	-152,965805
17678,759766	-149,838760
17684,143066	-144,559082
17689,526367	-140,518967
17694,909668	-135,974045
17700,292969	-136,127350
17705,676270	-146,211578
17711,059570	-148,376282
17716,442871	-149,109222
17721,826172	-156,282089
17727,209473	-161,041306
17732,592773	-155,297379
17737,976074	-153,388184
17743,359375	-153,928284
17748,742676	-156,302673
17754,125977	-155,967651
17759,509277	-146,830246
17764,892578	-143,206543
17770,275879	-137,866852
17775,659180	-139,984131
17781,042480	-150,651794
17786,425781	-147,737076
17791,809082	-148,791168
17797,192383	-143,870010
17802,575684	-129,714447
17807,958984	-127,950844
17813,342285	-134,275986
17818,725586	-139,640717
17824,108887	-144,031372
17829,492188	-153,646957
17834,875488	-137,015472
17840,258789	-129,179138
17845,642090	-130,627823
17851,025391	-138,234634
17856,408691	-148,769257
17861,791992	-149,717194
17867,175293	-145,663910
17872,558594	-135,726364
17877,941895	-124,076508
17883,325195	-121,459297
17888,708496	-129,527786
17894,091797	-140,012589
17899,475098	-153,244614
17904,858398	-159,530685
17910,241699	-157,892960
17915,625000	-155,144333
17921,008301	-158,160416
17926,391602	-161,823196
17931,774902	-154,290359
17937,158203	-145,318314
17942,541504	-135,794861
17947,924805	-128,203110
17953,308105	-130,225082
17958,691406	-140,627151
17964,074707	-159,433487
17969,458008	-166,675369
17974,841309	-157,013062
17980,224609	-143,437180
17985,607910	-134,771637
17990,991211	-133,649857
17996,374512	-141,695282
18001,757812	-150,282166
18007,141113	-144,048050
18012,524414	-142,909897
18017,907715	-142,221848
18023,291016	-136,170242
18028,674316	-138,392899
18034,057617	-149,208710
18039,440918	-145,985291
18044,824219	-145,690338
18050,207520	-141,163223
18055,590820	-135,388153
18060,974121	-134,310089
18066,357422	-137,143097
18071,740723	-140,184860
18077,124023	-147,919800
18082,507324	-159,337860
18087,890625	-152,208328
18093,273926	-148,250168
18098,657227	-146,439789
18104,040527	-152,587326
18109,423828	-155,309982
18114,807129	-156,170746
18120,190430	-157,182068
18125,573730	-154,661896
18130,957031	-141,840744
18136,340332	-142,196671
18141,723633	-147,421753
18147,106934	-145,605774
18152,490234	-150,603912
18157,873535	-158,216537
18163,256836	-157,868546
18168,640137	-162,060516
18174,023438	-158,063553
18179,406738	-156,887741
18184,790039	-153,744873
18190,173340	-148,578827
18195,556641	-149,660263
18200,939941	-158,692978
18206,323242	-160,681030
18211,706543	-154,621704
18217,089844	-156,799606
18222,473145	-155,243683
18227,856445	-150,236328
18233,239746	-146,838409
18238,623047	-147,714783
18244,006348	-135,585892
18249,389648	-129,807312
18254,772949	-131,929840
18260,156250	-145,230255
18265,539551	-143,682678
18270,922852	-140,319519
18276,306152	-139,664001
18281,689453	-139,791183
18287,072754	-124,997772
18292,456055	-124,189926
18297,839355	-132,871826
18303,222656	-145,906326
18308,605957	-150,831680
18313,989258	-146,886612
18319,372559	-133,866165
18324,755859	-126,877533
18330,139160	-128,889206
18335,522461	-135,849335
18340,905762	-149,624985
18346,289062	-153,862381
18351,672363	-155,361435
18357,055664	-151,021744
18362,438965	-142,297028
18367,822266	-145,655548
18373,205566	-149,888184
18378,588867	-149,088898
18383,972168	-148,607330
18389,355469	-143,274536
18394,738770	-123,508171
18400,122070	-119,856552
18405,505371	-128,203064
18410,888672	-159,968399
18416,271973	-154,421738
18421,655273	-146,743866
18427,038574	-133,497711
18432,421875	-124,210213
18437,805176	-125,327217
18443,188477	-135,986023
18448,571777	-144,957581
18453,955078	-142,514282
18459,338379	-140,350784
18464,721680	-141,448181
18470,104980	-148,798141
18475,488281	-147,032822
18480,871582	-150,032196
18486,254883	-148,667633
18491,638184	-143,984055
18497,021484	-141,966400
18502,404785	-136,063644
18507,788086	-127,316154
18513,171387	-129,753235
18518,554688	-143,086716
18523,937988	-148,093842
18529,321289	-153,427734
18534,704590	-149,277283
18540,087891	-149,045898
18545,471191	-146,622925
18550,854492	-148,240631
18556,237793	-155,123611
18561,621094	-159,093994
18567,004395	-163,074738
18572,387695	-156,043610
18577,770996	-147,868835
18583,154297	-142,943420
18588,537598	-146,964310
18593,920898	-156,601410
18599,304199	-159,437943
18604,687500	-153,498077
18610,070801	-151,779022
18615,454102	-149,573242
18620,837402	-146,423080
18626,220703	-141,731842
18631,604004	-142,511765
18636,987305	-148,198578
18642,370605	-153,698792
18647,753906	-153,479752
18653,137207	-154,202682
18658,520508	-150,463684
18663,903809	-148,793076
18669,287109	-154,291565
18674,670410	-153,072449
18680,053711	-154,772964
18685,437012	-156,329742
18690,820312	-150,589310
18696,203613	-138,763840
18701,586914	-136,734268
18706,970215	-145,009003
18712,353516	-154,167908
18717,736816	-145,874908
18723,120117	-145,358521
18728,503418	-149,420303
18733,886719	-152,480255
18739,270020	-147,321701
18744,653320	-139,638123
18750,036621	-140,459076
18755,419922	-149,681198
18760,803223	-147,091232
18766,186523	-142,423676
18771,569824	-130,840500
18776,953125	-129,493423
18782,336426	-137,218399
18787,719727	-148,829803
18793,103027	-150,084534
18798,486328	-151,898926
18803,869629	-128,480453
18809,252930	-120,245491
18814,636230	-123,592278
18820,019531	-140,484650
18825,402832	-150,627228
18830,786133	-151,446854
18836,169434	-155,284561
18841,552734	-139,456833
18846,936035	-135,196198
18852,319336	-142,071838
18857,702637	-152,083572
18863,085938	-156,416214
18868,469238	-153,918808
18873,852539	-141,105408
18879,235840	-133,745697
18884,619141	-133,312531
18890,002441	-139,166367
18895,385742	-157,547821
18900,769043	-150,528275
18906,152344	-140,040283
18911,535645	-128,614441
18916,918945	-120,205635
18922,302246	-120,883736
18927,685547	-135,826080
18933,068848	-135,553360
18938,452148	-142,782898
18943,835449	-148,381973
18949,218750	-152,354523
18954,602051	-138,950150
18959,985352	-136,834534
18965,368652	-143,266846
18970,751953	-147,124023
18976,135254	-151,728149
18981,518555	-154,565689
18986,901855	-154,188065
18992,285156	-147,254227
18997,668457	-146,285278
19003,051758	-153,871735
19008,435059	-158,040436
19013,818359	-149,430817
19019,201660	-147,389282
19024,584961	-155,406586
19029,968262	-144,531815
19035,351562	-142,959839
19040,734863	-147,323975
19046,118164	-155,070053
19051,501465	-155,077332
19056,884766	-157,515076
19062,268066	-148,789093
19067,651367	-146,441483
19073,034668	-142,024841
19078,417969	-141,615845
19083,801270	-147,387390
19089,184570	-151,978058
19094,567871	-154,675873
19099,951172	-156,710068
19105,334473	-150,765091
19110,717773	-149,317276
19116,101074	-151,279099
19121,484375	-157,337631
19126,867676	-156,626526
19132,250977	-157,861923
19137,634277	-150,885025
19143,017578	-145,038406
19148,400879	-141,965225
19153,784180	-141,595703
19159,167480	-144,348450
19164,550781	-149,994400
19169,934082	-152,050110
19175,317383	-148,973297
19180,700684	-135,989304
19186,083984	-135,178787
19191,467285	-143,529343
19196,850586	-144,863724
19202,233887	-140,884796
19207,617188	-141,756042
19213,000488	-131,859924
19218,383789	-122,295525
19223,767090	-124,280823
19229,150391	-132,535400
19234,533691	-142,236694
19239,916992	-145,596405
19245,300293	-149,181671
19250,683594	-133,356796
19256,066895	-123,556602
19261,450195	-121,497536
19266,833496	-128,902939
19272,216797	-140,187424
19277,600098	-152,046738
19282,983398	-156,775681
19288,366699	-157,291443
19293,750000	-153,044083
19299,133301	-155,654175
19304,516602	-159,006882
19309,899902	-158,433777
19315,283203	-153,974579
19320,666504	-145,846710
19326,049805	-138,191589
19331,433105	-141,389313
19336,816406	-151,169357
19342,199707	-153,484787
19347,583008	-151,755905
19352,966309	-148,986069
19358,349609	-146,976120
19363,732910	-146,558350
19369,116211	-144,423920
19374,499512	-153,951752
19379,882812	-150,381836
19385,266113	-144,030029
19390,649414	-139,320969
19396,032715	-129,948105
19401,416016	-122,609627
19406,799316	-124,372070
19412,182617	-139,989212
19417,565918	-141,464554
19422,949219	-141,984467
19428,332520	-143,616577
19433,715820	-143,093552
19439,099121	-144,822845
19444,482422	-146,785309
19449,865723	-153,538498
19455,249023	-167,609482
19460,632324	-160,667175
19466,015625	-151,961609
19471,398926	-150,349792
19476,782227	-154,441437
19482,165527	-155,985947
19487,548828	-156,134872
19492,932129	-156,620819
19498,315430	-156,049377
19503,698730	-154,152512
19509,082031	-144,424393
19514,465332	-145,135941
19519,848633	-149,759506
19525,231934	-149,936523
19530,615234	-154,182587
19535,998535	-152,987015
19541,381836	-157,468826
19546,765137	-148,656311
19552,148438	-147,693558
19557,531738	-155,390915
19562,915039	-154,003448
19568,298340	-155,755676
19573,681641	-162,734985
19579,064941	-162,548386
19584,448242	-156,575058
19589,831543	-149,314835
19595,214844	-151,632843
19600,598145	-158,714737
19605,981445	-154,502579
19611,364746	-151,200134
19616,748047	-150,112244
19622,131348	-142,574066
19627,514648	-136,583603
19632,897949	-138,371460
19638,281250	-148,063232
19643,664551	-147,133957
19649,047852	-142,456604
19654,431152	-138,560867
19659,814453	-138,715027
19665,197754	-123,783371
19670,581055	-123,329239
19675,964355	-131,965515
19681,347656	-146,376129
19686,730957	-158,057281
19692,114258	-142,164368
19697,497559	-130,778717
19702,880859	-124,121254
19708,264160	-125,833389
19713,647461	-134,059128
19719,030762	-146,175812
19724,414062	-152,829132
19729,797363	-151,251266
19735,180664	-142,255035
19740,563965	-134,261093
19745,947266	-137,933990
19751,330566	-148,935623
19756,713867	-151,655640
19762,097168	-156,059326
19767,480469	-154,031799
19772,863770	-146,261505
19778,247070	-140,758972
19783,630371	-145,811035
19789,013672	-154,987503
19794,396973	-158,240204
19799,780273	-152,785049
19805,163574	-143,840408
19810,546875	-135,851517
19815,930176	-137,427963
19821,313477	-147,012665
19826,696777	-150,327408
19832,080078	-143,451370
19837,463379	-135,266998
19842,846680	-135,421494
19848,229980	-140,203369
19853,613281	-145,014084
19858,996582	-142,470886
19864,379883	-141,804291
19869,763184	-143,807922
19875,146484	-146,594391
19880,529785	-142,007568
19885,913086	-134,102921
19891,296387	-136,516907
19896,679688	-148,471390
19902,062988	-150,716965
19907,446289	-154,525681
19912,829590	-154,508469
19918,212891	-150,608658
19923,596191	-149,673264
19928,979492	-150,671524
19934,362793	-153,544342
19939,746094	-152,386566
19945,129395	-150,595886
19950,512695	-151,581833
19955,895996	-142,611115
19961,279297	-140,089005
19966,662598	-145,202698
19972,045898	-148,533875
19977,429199	-152,342178
19982,812500	-155,439407
19988,195801	-148,131271
19993,579102	-146,082809
19998,962402	-145,016586
20004,345703	-142,928085
20009,729004	-146,157211
20015,112305	-159,352417
20020,495605	-158,802917
20025,878906	-166,761002
20031,262207	-156,437805
20036,645508	-149,868103
20042,028809	-146,450470
20047,412109	-150,211670
20052,795410	-153,847321
20058,178711	-152,086365
20063,562012	-157,450317
20068,945312	-145,649887
20074,328613	-133,614548
20079,711914	-131,469986
20085,095215	-139,096512
20090,478516	-148,895630
20095,861816	-142,319397
20101,245117	-141,526260
20106,628418	-142,817093
20112,011719	-143,305740
20117,395020	-140,660217
20122,778320	-135,955246
20128,161621	-136,792679
20133,544922	-147,814957
20138,928223	-148,034821
20144,311523	-137,380905
20149,694824	-126,331688
20155,078125	-125,108253
20160,461426	-133,561569
20165,844727	-144,142380
20171,228027	-153,848083
20176,611328	-150,295349
20181,994629	-132,112686
20187,377930	-123,118446
20192,761230	-126,767181
20198,144531	-149,218903
20203,527832	-150,637238
20208,911133	-149,667206
20214,294434	-150,140503
20219,677734	-146,691711
20225,061035	-146,219589
20230,444336	-151,906128
20235,827637	-153,615036
20241,210938	-148,060516
20246,594238	-144,365738
20251,977539	-130,695801
20257,360840	-122,908768
20262,744141	-121,093704
20268,127441	-127,913223
20273,510742	-140,967743
20278,894043	-148,376785
20284,277344	-142,832092
20289,660645	-132,501389
20295,043945	-124,924667
20300,427246	-125,964355
20305,810547	-139,702896
20311,193848	-142,572968
20316,577148	-141,517303
20321,960449	-145,743713
20327,343750	-141,416122
20332,727051	-128,364761
20338,110352	-126,525833
20343,493652	-132,684952
20348,876953	-141,728607
20354,260254	-142,852280
20359,643555	-147,849152
20365,026855	-149,705154
20370,410156	-148,214081
20375,793457	-147,002136
20381,176758	-151,535339
20386,560059	-153,890488
20391,943359	-152,847092
20397,326660	-146,737762
20402,709961	-146,602829
20408,093262	-146,433182
20413,476562	-145,859253
20418,859863	-151,402328
20424,243164	-150,381271
20429,626465	-150,242004
20435,009766	-144,527023
20440,393066	-141,114182
20445,776367	-140,054291
20451,159668	-137,623489
20456,542969	-138,081406
20461,926270	-147,230927
20467,309570	-162,993500
20472,692871	-158,558136
20478,076172	-165,431137
20483,459473	-162,221222
20488,842773	-154,792191
20494,226074	-148,039642
20499,609375	-147,065613
20504,992676	-148,651566
20510,375977	-150,393906
20515,759277	-143,724808
20521,142578	-143,832611
20526,525879	-141,324112
20531,909180	-142,819946
20537,292480	-147,959702
20542,675781	-146,577774
20548,059082	-149,442154
20553,442383	-148,598801
20558,825684	-133,959625
20564,208984	-132,080292
20569,592285	-139,144119
20574,975586	-142,838745
20580,358887	-143,971741
20585,742188	-145,730194
20591,125488	-137,039688
20596,508789	-129,242584
20601,892090	-131,086243
20607,275391	-139,861633
20612,658691	-146,158707
20618,041992	-149,242157
20623,425293	-148,552979
20628,808594	-135,535522
20634,191895	-126,664444
20639,575195	-124,892662
20644,958496	-132,633911
20650,341797	-145,831482
20655,725098	-161,769989
20661,108398	-156,267822
20666,491699	-156,453888
20671,875000	-149,813828
20677,258301	-157,283249
20682,641602	-157,570648
20688,024902	-154,067886
20693,408203	-145,117096
20698,791504	-135,203644
20704,174805	-127,340813
20709,558105	-129,932404
20714,941406	-141,397995
20720,324707	-152,236328
20725,708008	-154,216934
20731,091309	-151,434631
20736,474609	-139,588501
20741,857910	-130,813156
20747,241211	-128,910080
20752,624512	-141,653198
20758,007812	-140,288162
20763,391113	-144,041916
20768,774414	-142,403259
20774,157715	-139,271011
20779,541016	-134,992096
20784,924316	-137,183594
20790,307617	-153,052780
20795,690918	-149,916382
20801,074219	-150,150864
20806,457520	-148,176987
20811,840820	-140,944992
20817,224121	-139,232346
20822,607422	-145,758896
20827,990723	-147,406540
20833,374023	-152,629425
20838,757324	-151,773453
20844,140625	-153,454102
20849,523926	-157,399475
20854,907227	-151,351730
20860,290527	-152,339798
20865,673828	-155,022476
20871,057129	-152,192352
20876,440430	-152,041489
20881,823730	-151,356354
20887,207031	-141,393646
20892,590332	-142,414780
20897,973633	-147,362961
20903,356934	-148,651825
20908,740234	-152,540634
20914,123535	-150,403900
20919,506836	-159,742050
20924,890137	-142,820572
20930,273438	-140,625168
20935,656738	-148,656357
20941,040039	-151,157776
20946,423340	-147,610840
20951,806641	-154,417160
20957,189941	-151,909775
20962,573242	-147,748642
20967,956543	-142,204727
20973,339844	-144,572418
20978,723145	-148,725342
20984,106445	-153,799606
20989,489746	-151,774780
20994,873047	-156,781113
21000,256348	-141,578644
21005,639648	-134,281876
21011,022949	-136,229050
21016,406250	-149,893173
21021,789551	-145,730301
21027,172852	-142,981354
21032,556152	-140,646103
21037,939453	-142,791351
21043,322754	-128,384720
21048,706055	-127,384445
21054,089355	-134,429291
21059,472656	-143,147644
21064,855957	-146,386581
21070,239258	-138,557312
21075,622559	-123,808548
21081,005859	-117,243683
21086,389160	-118,612915
21091,772461	-125,874565
21097,155762	-140,191010
21102,539062	-144,664078
21107,922363	-153,462433
21113,305664	-149,469421
21118,688965	-143,851974
21124,072266	-146,170197
21129,455566	-151,327698
21134,838867	-152,533142
21140,222168	-153,952271
21145,605469	-159,820602
21150,988770	-132,076553
21156,372070	-128,308777
21161,755371	-137,408005
21167,138672	-155,846512
21172,521973	-162,563629
21177,905273	-151,672638
21183,288574	-140,905853
21188,671875	-133,133026
21194,055176	-133,957886
21199,438477	-145,278366
21204,821777	-152,304138
21210,205078	-150,441391
21215,588379	-142,323776
21220,971680	-141,332779
21226,354980	-150,903336
21231,738281	-148,658920
21237,121582	-152,536667
21242,504883	-149,586136
21247,888184	-144,821457
21253,271484	-143,860031
21258,654785	-142,293396
21264,038086	-133,140427
21269,421387	-134,942780
21274,804688	-148,062439
21280,187988	-149,127441
21285,571289	-149,696030
21290,954590	-147,149506
21296,337891	-147,543488
21301,721191	-142,172867
21307,104492	-143,184830
21312,487793	-154,409622
21317,871094	-149,560715
21323,254395	-162,585266
21328,637695	-149,795288
21334,020996	-140,290359
21339,404297	-138,681274
21344,787598	-146,712219
21350,170898	-147,611511
21355,554199	-152,602371
21360,937500	-152,440811
21366,320801	-149,565048
21371,704102	-148,281738
21377,087402	-144,196487
21382,470703	-139,808670
21387,854004	-142,551849
21393,237305	-152,232941
21398,620605	-156,888306
21404,003906	-154,204407
21409,387207	-155,017380
21414,770508	-148,651627
21420,153809	-144,859451
21425,537109	-148,806885
21430,920410	-149,647827
21436,303711	-150,374542
21441,687012	-144,790695
21447,070312	-139,311249
21452,453613	-125,860947
21457,836914	-123,335991
21463,220215	-130,623169
21468,603516	-146,084030
21473,986816	-145,445374
21479,370117	-144,183044
21484,753418	-144,702240
21490,136719	-141,764603
21495,520020	-139,723877
21500,903320	-134,307251
21506,286621	-133,905334
21511,669922	-142,592056
21517,053223	-148,899673
21522,436523	-144,479614
21527,819824	-134,344482
21533,203125	-133,228592
21538,586426	-141,469833
21543,969727	-150,850082
21549,353027	-158,131607
21554,736328	-157,052353
21560,119629	-132,299240
21565,502930	-124,042595
21570,886230	-127,493988
21576,269531	-146,307022
21581,652832	-151,708694
21587,036133	-155,526901
21592,419434	-155,950897
21597,802734	-139,477707
21603,186035	-134,973480
21608,569336	-140,685379
21613,952637	-153,425690
21619,335938	-156,471771
21624,719238	-156,811264
21630,102539	-140,852249
21635,485840	-132,155716
21640,869141	-129,501801
21646,252441	-136,126633
21651,635742	-143,639771
21657,019043	-145,787415
21662,402344	-138,116302
21667,785645	-128,269104
21673,168945	-120,918221
21678,552246	-121,774376
21683,935547	-135,995361
21689,318848	-139,033661
21694,702148	-142,609756
21700,085449	-147,532959
21705,468750	-148,983536
21710,852051	-138,059494
21716,235352	-135,402588
21721,618652	-140,814697
21727,001953	-146,646362
21732,385254	-150,447327
21737,768555	-155,218521
21743,151855	-148,875122
21748,535156	-147,608795
21753,918457	-146,660721
21759,301758	-156,529175
21764,685059	-154,208221
21770,068359	-153,930756
21775,451660	-158,548676
21780,834961	-145,371445
21786,218262	-141,015762
21791,601562	-140,526840
21796,984863	-144,118683
21802,368164	-152,299393
21807,751465	-150,359039
21813,134766	-152,467682
21818,518066	-148,178864
21823,901367	-142,422409
21829,284668	-136,381729
21834,667969	-135,693817
21840,051270	-145,287674
21845,434570	-151,182526
21850,817871	-152,462555
21856,201172	-154,918442
21861,584473	-157,274292
21866,967773	-152,385223
21872,351074	-152,952744
21877,734375	-162,504013
21883,117676	-159,621796
21888,500977	-158,359756
21893,884277	-157,812546
21899,267578	-154,948883
21904,650879	-153,101654
21910,034180	-150,105652
21915,417480	-151,674774
21920,800781	-156,140991
21926,184082	-155,391678
21931,567383	-150,812286
21936,950684	-142,152725
21942,333984	-140,011902
21947,717285	-141,707794
21953,100586	-143,523727
21958,483887	-149,095108
21963,867188	-143,479507
21969,250488	-143,312622
21974,633789	-138,203674
21980,017090	-138,858734
21985,400391	-144,380402
21990,783691	-151,969452
21996,166992	-152,366409
22001,550293	-150,393555
22006,933594	-142,704147
22012,316895	-138,877792
22017,700195	-137,830353
22023,083496	-145,686646
22028,466797	-148,155212
22033,850098	-153,632370
22039,233398	-154,090973
22044,616699	-154,402527
