Fréquence (Hz)	Niveau (dB)
5,383301	-36,548973
10,766602	-51,670414
16,149902	-55,983986
21,533203	-56,277561
26,916504	-56,859573
32,299805	-56,360653
37,683105	-47,349121
43,066406	-42,644077
48,449707	-49,819557
53,833008	-66,232170
59,216309	-55,854824
64,599609	-52,712330
69,982910	-56,008705
75,366211	-53,426704
80,749512	-62,238144
86,132812	-58,142273
91,516113	-69,893105
96,899414	-63,714222
102,282715	-59,974655
107,666016	-60,834717
113,049316	-63,018490
118,432617	-55,471958
123,815918	-51,849686
129,199219	-53,109627
134,582520	-60,908478
139,965820	-69,729706
145,349121	-55,147778
150,732422	-53,552738
156,115723	-58,245773
161,499023	-64,984642
166,882324	-53,119022
172,265625	-47,957016
177,648926	-56,320877
183,032227	-59,647606
188,415527	-55,784996
193,798828	-56,888649
199,182129	-56,312534
204,565430	-54,046795
209,948730	-52,281158
215,332031	-65,202713
220,715332	-57,665787
226,098633	-72,846863
231,481934	-53,769718
236,865234	-56,742542
242,248535	-62,738949
247,631836	-59,140549
253,015137	-58,240349
258,398438	-59,636864
263,781738	-64,254883
269,165039	-54,035904
274,548340	-47,838551
279,931641	-51,492977
285,314941	-76,586716
290,698242	-77,667732
296,081543	-57,400360
301,464844	-57,965904
306,848145	-64,769218
312,231445	-65,183090
317,614746	-72,879044
322,998047	-65,655647
328,381348	-75,856133
333,764648	-73,448593
339,147949	-68,700180
344,531250	-61,707996
349,914551	-64,916122
355,297852	-59,754116
360,681152	-58,340714
366,064453	-68,182312
371,447754	-62,440071
376,831055	-62,494732
382,214355	-61,805405
387,597656	-62,351219
392,980957	-72,479591
398,364258	-62,668159
403,747559	-64,446960
409,130859	-64,764282
414,514160	-77,739578
419,897461	-60,152863
425,280762	-59,733265
430,664062	-55,479855
436,047363	-61,430569
441,430664	-64,175629
446,813965	-57,135662
452,197266	-53,609123
457,580566	-58,576412
462,963867	-55,234058
468,347168	-54,256283
473,730469	-63,272938
479,113770	-61,087776
484,497070	-64,251740
489,880371	-63,139179
495,263672	-63,769821
500,646973	-71,596764
506,030273	-60,462517
511,413574	-54,082474
516,796875	-51,098537
522,180176	-53,164722
527,563477	-54,180496
532,946777	-46,584347
538,330078	-41,846268
543,713379	-31,947353
549,096680	-32,409908
554,479980	-38,188198
559,863281	-51,995129
565,246582	-49,486099
570,629883	-51,648621
576,013184	-59,504440
581,396484	-52,306004
586,779785	-64,458389
592,163086	-51,478886
597,546387	-49,101841
602,929688	-53,347874
608,312988	-60,028957
613,696289	-57,258457
619,079590	-50,488148
624,462891	-50,347790
629,846191	-60,941860
635,229492	-59,064545
640,612793	-61,964901
645,996094	-70,705452
651,379395	-71,660530
656,762695	-77,242058
662,145996	-76,651794
667,529297	-74,673111
672,912598	-85,630447
678,295898	-82,124939
683,679199	-66,833412
689,062500	-61,918331
694,445801	-60,117455
699,829102	-67,891350
705,212402	-62,073200
710,595703	-55,471161
715,979004	-57,633724
721,362305	-65,352074
726,745605	-65,628006
732,128906	-63,120377
737,512207	-60,938705
742,895508	-57,084549
748,278809	-58,165203
753,662109	-59,935139
759,045410	-60,089272
764,428711	-59,530968
769,812012	-61,079620
775,195312	-71,425842
780,578613	-80,004341
785,961914	-68,214493
791,345215	-63,583622
796,728516	-63,707447
802,111816	-64,453560
807,495117	-60,838463
812,878418	-72,630463
818,261719	-67,223640
823,645020	-56,512486
829,028320	-61,846611
834,411621	-57,636623
839,794922	-68,346703
845,178223	-70,825356
850,561523	-57,226349
855,944824	-62,651131
861,328125	-85,437683
866,711426	-69,192535
872,094727	-65,982834
877,478027	-66,869354
882,861328	-63,253456
888,244629	-59,896122
893,627930	-63,479637
899,011230	-68,024803
904,394531	-66,318260
909,777832	-60,911251
915,161133	-59,842537
920,544434	-60,937447
925,927734	-59,335320
931,311035	-57,653889
936,694336	-59,058254
942,077637	-59,593754
947,460938	-60,665695
952,844238	-75,638809
958,227539	-71,064827
963,610840	-59,925602
968,994141	-54,625916
974,377441	-65,928886
979,760742	-54,727585
985,144043	-53,512703
990,527344	-51,611423
995,910645	-64,870453
1001,293945	-55,738728
1006,677246	-55,132523
1012,060547	-51,259201
1017,443848	-51,671490
1022,827148	-61,942642
1028,210449	-51,202705
1033,593750	-58,422379
1038,977051	-52,592796
1044,360352	-52,380192
1049,743652	-59,598339
1055,126953	-58,657661
1060,510254	-73,286171
1065,893555	-55,985191
1071,276855	-47,975262
1076,660156	-48,265499
1082,043457	-66,066032
1087,426758	-19,680336
1092,810059	-14,140752
1098,193359	-21,399397
1103,576660	-61,937645
1108,959961	-41,389782
1114,343262	-44,921585
1119,726562	-53,141220
1125,109863	-62,165565
1130,493164	-52,216808
1135,876465	-55,752888
1141,259766	-59,695515
1146,643066	-65,633583
1152,026367	-56,559895
1157,409668	-64,071106
1162,792969	-58,935284
1168,176270	-61,126469
1173,559570	-67,164658
1178,942871	-74,643700
1184,326172	-75,864494
1189,709473	-79,617722
1195,092773	-91,185547
1200,476074	-76,573120
1205,859375	-76,143204
1211,242676	-86,521194
1216,625977	-80,345512
1222,009277	-91,620354
1227,392578	-77,669884
1232,775879	-90,281906
1238,159180	-88,558601
1243,542480	-84,312004
1248,925781	-85,372131
1254,309082	-87,301712
1259,692383	-86,968651
1265,075684	-86,006462
1270,458984	-86,761429
1275,842285	-88,867836
1281,225586	-83,687675
1286,608887	-83,243286
1291,992188	-82,223640
1297,375488	-85,143555
1302,758789	-87,743179
1308,142090	-77,031357
1313,525391	-77,777718
1318,908691	-80,020958
1324,291992	-85,052727
1329,675293	-105,183075
1335,058594	-86,900993
1340,441895	-93,390259
1345,825195	-82,116821
1351,208496	-73,221672
1356,591797	-75,022774
1361,975098	-85,787636
1367,358398	-72,141998
1372,741699	-71,912605
1378,125000	-66,361366
1383,508301	-61,279121
1388,891602	-63,337021
1394,274902	-61,226238
1399,658203	-56,291840
1405,041504	-68,896576
1410,424805	-56,808132
1415,808105	-54,371807
1421,191406	-64,782661
1426,574707	-76,148003
1431,958008	-64,813461
1437,341309	-58,833199
1442,724609	-52,115124
1448,107910	-50,083359
1453,491211	-53,305786
1458,874512	-60,132645
1464,257812	-50,931293
1469,641113	-45,529022
1475,024414	-49,033615
1480,407715	-53,797874
1485,791016	-57,189198
1491,174316	-61,913773
1496,557617	-71,349739
1501,940918	-56,488129
1507,324219	-61,674091
1512,707520	-61,586136
1518,090820	-67,695892
1523,474121	-68,279533
1528,857422	-59,813164
1534,240723	-55,431465
1539,624023	-56,925018
1545,007324	-71,079659
1550,390625	-63,995708
1555,773926	-56,410778
1561,157227	-59,247597
1566,540527	-59,056854
1571,923828	-57,918461
1577,307129	-50,802380
1582,690430	-48,509190
1588,073730	-48,457710
1593,457031	-60,532902
1598,840332	-56,333080
1604,223633	-55,228680
1609,606934	-51,192051
1614,990234	-47,945488
1620,373535	-50,391068
1625,756836	-40,524929
1631,140137	-23,659206
1636,523438	-14,292762
1641,906738	-14,877423
1647,290039	-27,943474
1652,673340	-35,368954
1658,056641	-40,526814
1663,439941	-41,874229
1668,823242	-53,382034
1674,206543	-55,484825
1679,589844	-51,453014
1684,973145	-42,325481
1690,356445	-43,269775
1695,739746	-52,213337
1701,123047	-58,102795
1706,506348	-64,625015
1711,889648	-55,354092
1717,272949	-60,358139
1722,656250	-60,077705
1728,039551	-61,350357
1733,422852	-55,818172
1738,806152	-54,321152
1744,189453	-55,960369
1749,572754	-64,136749
1754,956055	-61,878323
1760,339355	-60,972801
1765,722656	-64,617416
1771,105957	-72,812607
1776,489258	-60,907360
1781,872559	-60,333538
1787,255859	-70,012115
1792,639160	-63,273460
1798,022461	-70,018082
1803,405762	-62,552151
1808,789062	-64,875130
1814,172363	-64,489639
1819,555664	-56,991962
1824,938965	-55,349026
1830,322266	-68,551308
1835,705566	-59,156059
1841,088867	-54,381485
1846,472168	-52,740807
1851,855469	-52,557926
1857,238770	-56,542858
1862,622070	-63,236683
1868,005371	-65,123581
1873,388672	-69,085434
1878,771973	-63,297401
1884,155273	-60,339748
1889,538574	-73,256111
1894,921875	-56,653469
1900,305176	-58,571873
1905,688477	-63,302032
1911,071777	-61,948826
1916,455078	-67,463081
1921,838379	-53,644302
1927,221680	-54,985134
1932,604980	-55,968384
1937,988281	-51,239468
1943,371582	-45,789803
1948,754883	-46,646061
1954,138184	-48,672981
1959,521484	-54,491001
1964,904785	-61,797985
1970,288086	-54,551197
1975,671387	-55,236942
1981,054688	-65,783485
1986,437988	-56,064548
1991,821289	-52,432468
1997,204590	-54,738926
2002,587891	-61,343697
2007,971191	-60,753777
2013,354492	-52,769466
2018,737793	-52,688953
2024,121094	-59,405968
2029,504395	-57,314770
2034,887695	-57,990517
2040,270996	-56,595901
2045,654297	-59,791500
2051,037598	-66,140961
2056,420898	-64,547066
2061,804199	-54,149162
2067,187500	-55,754265
2072,570801	-55,941219
2077,954102	-62,145111
2083,337402	-55,100555
2088,720703	-82,373634
2094,104004	-53,671864
2099,487305	-52,366302
2104,870605	-47,767227
2110,253906	-66,454193
2115,637207	-46,230278
2121,020508	-47,403946
2126,403809	-49,603214
2131,787109	-52,278835
2137,170410	-59,591541
2142,553711	-42,658188
2147,937012	-39,041374
2153,320312	-41,228378
2158,703613	-48,357918
2164,086914	-38,154774
2169,470215	-41,894623
2174,853516	-34,855396
2180,236816	-8,699765
2185,620117	-3,868995
2191,003418	-11,035157
2196,386719	-31,795094
2201,770020	-36,567661
2207,153320	-43,932083
2212,536621	-53,740463
2217,919922	-40,703575
2223,303223	-42,364262
2228,686523	-45,231915
2234,069824	-37,432423
2239,453125	-36,344597
2244,836426	-40,544811
2250,219727	-50,970440
2255,603027	-44,724373
2260,986328	-44,923546
2266,369629	-58,899349
2271,752930	-51,015003
2277,136230	-50,938877
2282,519531	-50,815750
2287,902832	-48,477325
2293,286133	-51,633614
2298,669434	-70,427254
2304,052734	-59,240101
2309,436035	-61,552765
2314,819336	-62,973515
2320,202637	-58,081871
2325,585938	-58,490444
2330,969238	-56,278316
2336,352539	-56,888733
2341,735840	-56,078709
2347,119141	-53,954044
2352,502441	-64,008621
2357,885742	-61,377644
2363,269043	-68,395363
2368,652344	-63,013752
2374,035645	-64,832413
2379,418945	-59,580936
2384,802246	-62,424541
2390,185547	-69,840118
2395,568848	-64,254890
2400,952148	-65,743874
2406,335449	-76,330742
2411,718750	-61,968742
2417,102051	-53,887741
2422,485352	-52,490814
2427,868652	-64,339371
2433,251953	-55,069702
2438,635254	-54,655544
2444,018555	-58,921051
2449,401855	-59,723789
2454,785156	-57,363644
2460,168457	-67,877701
2465,551758	-58,069229
2470,935059	-64,889503
2476,318359	-62,131760
2481,701660	-60,368088
2487,084961	-57,600628
2492,468262	-59,387321
2497,851562	-59,122498
2503,234863	-65,546623
2508,618164	-58,004307
2514,001465	-56,031967
2519,384766	-58,891491
2524,768066	-63,633720
2530,151367	-64,692848
2535,534668	-66,624153
2540,917969	-61,819981
2546,301270	-61,687122
2551,684570	-72,125671
2557,067871	-70,138275
2562,451172	-84,828957
2567,834473	-82,237160
2573,217773	-77,341064
2578,601074	-74,336655
2583,984375	-66,840729
2589,367676	-72,964424
2594,750977	-63,126198
2600,134277	-56,257839
2605,517578	-56,614136
2610,900879	-64,953377
2616,284180	-66,377350
2621,667480	-62,239605
2627,050781	-53,683994
2632,434082	-56,199989
2637,817383	-48,567047
2643,200684	-43,992603
2648,583984	-47,975918
2653,967285	-63,833996
2659,350586	-57,062969
2664,733887	-49,890873
2670,117188	-46,396736
2675,500488	-45,678036
2680,883789	-46,945080
2686,267090	-63,606346
2691,650391	-46,727821
2697,033691	-48,042702
2702,416992	-44,898441
2707,800293	-43,538036
2713,183594	-49,243145
2718,566895	-32,731411
2723,950195	-19,368048
2729,333496	-7,984510
2734,716797	-9,457158
2740,100098	-24,219292
2745,483398	-49,035240
2750,866699	-38,539658
2756,250000	-37,190739
2761,633301	-46,967094
2767,016602	-45,954235
2772,399902	-43,697788
2777,783203	-45,419659
2783,166504	-49,024673
2788,549805	-46,795448
2793,933105	-47,012291
2799,316406	-50,009369
2804,699707	-52,578938
2810,083008	-53,944603
2815,466309	-48,289192
2820,849609	-52,427269
2826,232910	-49,231434
2831,616211	-56,294136
2836,999512	-58,390266
2842,382812	-60,615795
2847,766113	-57,641102
2853,149414	-58,766838
2858,532715	-59,343754
2863,916016	-58,949177
2869,299316	-61,252380
2874,682617	-62,993874
2880,065918	-74,412041
2885,449219	-66,713326
2890,832520	-58,136169
2896,215820	-51,058022
2901,599121	-50,251991
2906,982422	-52,454674
2912,365723	-53,213039
2917,749023	-50,782215
2923,132324	-54,406902
2928,515625	-63,982807
2933,898926	-66,293518
2939,282227	-63,854275
2944,665527	-65,382111
2950,048828	-57,000858
2955,432129	-55,766106
2960,815430	-63,227688
2966,198730	-60,681854
2971,582031	-58,163563
2976,965332	-68,308151
2982,348633	-75,631645
2987,731934	-66,703171
2993,115234	-69,058067
2998,498535	-70,452141
3003,881836	-62,666584
3009,265137	-63,502872
3014,648438	-61,666569
3020,031738	-66,102356
3025,415039	-62,255367
3030,798340	-62,662209
3036,181641	-75,661552
3041,564941	-67,488777
3046,948242	-62,705280
3052,331543	-60,375557
3057,714844	-64,885986
3063,098145	-71,538788
3068,481445	-70,298271
3073,864746	-69,491241
3079,248047	-69,778847
3084,631348	-77,252419
3090,014648	-75,483688
3095,397949	-69,087936
3100,781250	-73,888741
3106,164551	-70,343872
3111,547852	-67,692986
3116,931152	-63,496788
3122,314453	-65,565849
3127,697754	-67,115318
3133,081055	-63,484291
3138,464355	-65,456276
3143,847656	-67,921700
3149,230957	-75,868805
3154,614258	-74,997078
3159,997559	-65,313293
3165,380859	-65,736778
3170,764160	-65,866173
3176,147461	-63,284092
3181,530762	-61,206989
3186,914062	-60,752972
3192,297363	-55,777073
3197,680664	-56,959759
3203,063965	-51,021137
3208,447266	-48,901669
3213,830566	-49,393974
3219,213867	-59,735256
3224,597168	-58,766407
3229,980469	-50,595497
3235,363770	-55,165230
3240,747070	-52,801723
3246,130371	-71,744255
3251,513672	-47,907845
3256,896973	-32,441639
3262,280273	-35,544258
3267,663574	-32,753078
3273,046875	-13,983373
3278,430176	-9,450747
3283,813477	-17,390293
3289,196777	-34,909557
3294,580078	-47,130558
3299,963379	-53,643227
3305,346680	-47,351055
3310,729980	-53,404213
3316,113281	-68,318047
3321,496582	-52,248680
3326,879883	-44,439316
3332,263184	-49,267040
3337,646484	-53,675194
3343,029785	-51,939445
3348,413086	-70,264587
3353,796387	-59,888569
3359,179688	-53,902973
3364,562988	-54,604458
3369,946289	-56,891289
3375,329590	-57,918617
3380,712891	-57,343712
3386,096191	-53,158779
3391,479492	-56,255470
3396,862793	-71,122086
3402,246094	-62,638508
3407,629395	-67,272392
3413,012695	-76,924217
3418,395996	-66,451912
3423,779297	-62,257923
3429,162598	-66,613792
3434,545898	-90,531273
3439,929199	-78,370132
3445,312500	-77,547455
3450,695801	-67,738747
3456,079102	-77,370995
3461,462402	-66,570892
3466,845703	-61,164307
3472,229004	-61,775425
3477,612305	-62,601528
3482,995605	-69,508713
3488,378906	-65,486755
3493,762207	-63,009926
3499,145508	-59,659081
3504,528809	-63,490601
3509,912109	-72,145126
3515,295410	-60,655338
3520,678711	-63,364178
3526,062012	-65,503258
3531,445312	-65,549782
3536,828613	-56,564342
3542,211914	-57,422104
3547,595215	-58,215603
3552,978516	-59,640141
3558,361816	-64,187576
3563,745117	-60,470104
3569,128418	-56,312294
3574,511719	-59,840485
3579,895020	-71,240677
3585,278320	-68,344749
3590,661621	-71,673141
3596,044922	-88,037552
3601,428223	-71,900879
3606,811523	-65,189079
3612,194824	-61,691639
3617,578125	-56,698181
3622,961426	-54,904850
3628,344727	-59,534790
3633,728027	-65,534729
3639,111328	-62,246365
3644,494629	-76,720184
3649,877930	-68,111229
3655,261230	-61,982975
3660,644531	-60,257381
3666,027832	-63,664745
3671,411133	-65,542572
3676,794434	-53,060425
3682,177734	-49,310951
3687,561035	-56,241219
3692,944336	-60,543499
3698,327637	-64,867165
3703,710938	-65,707268
3709,094238	-80,451935
3714,477539	-77,381683
3719,860840	-71,578705
3725,244141	-63,392635
3730,627441	-59,337322
3736,010742	-55,598713
3741,394043	-59,469498
3746,777344	-49,422157
3752,160645	-53,499725
3757,543945	-65,335106
3762,927246	-61,033978
3768,310547	-62,791538
3773,693848	-53,039379
3779,077148	-47,043186
3784,460449	-51,474510
3789,843750	-52,534389
3795,227051	-52,743641
3800,610352	-40,869503
3805,993652	-35,794147
3811,376953	-37,449837
3816,760254	-22,758005
3822,143555	-13,242818
3827,526855	-16,317362
3832,910156	-34,064976
3838,293457	-42,766247
3843,676758	-47,131001
3849,060059	-45,273952
3854,443359	-46,879997
3859,826660	-55,882492
3865,209961	-47,339264
3870,593262	-45,851349
3875,976562	-57,505463
3881,359863	-48,777821
3886,743164	-52,951950
3892,126465	-66,631981
3897,509766	-63,943279
3902,893066	-56,506004
3908,276367	-55,058201
3913,659668	-61,148846
3919,042969	-76,887527
3924,426270	-63,958271
3929,809570	-60,806038
3935,192871	-66,563370
3940,576172	-68,577248
3945,959473	-72,182365
3951,342773	-66,001511
3956,726074	-69,606781
3962,109375	-66,749504
3967,492676	-64,523361
3972,875977	-67,339050
3978,259277	-66,235664
3983,642578	-79,019997
3989,025879	-71,081886
3994,409180	-73,214607
3999,792480	-80,210388
4005,175781	-69,720451
4010,559082	-81,182327
4015,942383	-78,469429
4021,325684	-80,832794
4026,708984	-84,239113
4032,092285	-70,685745
4037,475586	-71,858650
4042,858887	-74,055466
4048,242188	-71,317528
4053,625488	-63,642841
4059,008789	-65,036758
4064,392090	-66,205147
4069,775391	-67,335480
4075,158691	-71,371437
4080,541992	-70,080254
4085,925293	-71,875381
4091,308594	-72,529366
4096,691895	-77,023079
4102,075195	-77,511597
4107,458496	-73,982262
4112,841797	-86,061928
4118,225098	-83,361870
4123,608398	-79,694656
4128,991699	-77,266487
4134,375000	-70,578720
4139,758301	-69,720978
4145,141602	-65,234718
4150,524902	-73,012611
4155,908203	-68,710739
4161,291504	-65,073395
4166,674805	-63,035347
4172,058105	-68,866127
4177,441406	-77,031258
4182,824707	-65,140144
4188,208008	-63,910446
4193,591309	-64,604263
4198,974609	-70,463211
4204,357910	-68,305481
4209,741211	-67,614426
4215,124512	-82,083519
4220,507812	-76,756706
4225,891113	-76,252243
4231,274414	-76,678558
4236,657715	-67,313110
4242,041016	-63,596291
4247,424316	-61,581680
4252,807617	-66,247543
4258,190918	-76,429405
4263,574219	-68,909836
4268,957520	-71,431053
4274,340820	-62,914497
4279,724121	-58,677059
4285,107422	-63,322277
4290,490723	-64,595558
4295,874023	-51,942986
4301,257324	-51,270264
4306,640625	-58,018345
4312,023926	-57,067410
4317,407227	-50,412243
4322,790527	-53,115692
4328,173828	-53,933716
4333,557129	-53,028847
4338,940430	-47,881435
4344,323730	-41,826508
4349,707031	-47,160191
4355,090332	-42,099850
4360,473633	-41,717125
4365,856934	-18,072266
4371,240234	-13,050114
4376,623535	-18,915482
4382,006836	-34,993378
4387,390137	-41,686893
4392,773438	-41,587669
4398,156738	-54,883564
4403,540039	-46,217796
4408,923340	-54,219826
4414,306641	-47,134022
4419,689941	-43,346954
4425,073242	-46,164082
4430,456543	-50,154224
4435,839844	-51,337704
4441,223145	-55,702030
4446,606445	-56,923847
4451,989746	-56,052696
4457,373047	-60,028721
4462,756348	-66,060089
4468,139648	-61,948269
4473,522949	-61,501377
4478,906250	-67,015404
4484,289551	-78,226524
4489,672852	-70,032051
4495,056152	-81,199821
4500,439453	-73,683617
4505,822754	-71,080757
4511,206055	-70,974953
4516,589355	-85,399948
4521,972656	-70,017105
4527,355957	-66,437698
4532,739258	-69,124748
4538,122559	-66,224831
4543,505859	-62,766399
4548,889160	-62,317162
4554,272461	-62,660908
4559,655762	-63,148403
4565,039062	-70,958519
4570,422363	-64,551964
4575,805664	-67,064110
4581,188965	-63,120895
4586,572266	-68,521767
4591,955566	-62,607273
4597,338867	-61,131756
4602,722168	-63,367821
4608,105469	-61,797756
4613,488770	-68,722565
4618,872070	-76,313965
4624,255371	-75,104843
4629,638672	-65,798424
4635,021973	-66,392479
4640,405273	-68,735245
4645,788574	-76,755119
4651,171875	-76,217819
4656,555176	-66,866180
4661,938477	-69,100677
4667,321777	-76,639755
4672,705078	-86,140533
4678,088379	-71,296967
4683,471680	-70,922905
4688,854980	-68,882965
4694,238281	-76,257507
4699,621582	-67,443550
4705,004883	-66,445213
4710,388184	-70,095940
4715,771484	-73,874702
4721,154785	-79,206673
4726,538086	-68,053261
4731,921387	-61,566525
4737,304688	-60,588280
4742,687988	-58,910427
4748,071289	-58,162346
4753,454590	-58,630795
4758,837891	-56,580994
4764,221191	-58,028801
4769,604492	-59,124180
4774,987793	-57,962696
4780,371094	-60,688736
4785,754395	-65,427132
4791,137695	-69,148483
4796,520996	-64,100441
4801,904297	-77,650444
4807,287598	-64,431931
4812,670898	-72,443237
4818,054199	-63,795719
4823,437500	-60,462540
4828,820801	-64,160126
4834,204102	-57,000710
4839,587402	-51,220749
4844,970703	-53,007126
4850,354004	-53,762257
4855,737305	-54,155548
4861,120605	-51,339264
4866,503906	-49,820984
4871,887207	-59,240658
4877,270508	-50,638420
4882,653809	-51,090351
4888,037109	-48,819344
4893,420410	-49,387917
4898,803711	-46,985416
4904,187012	-38,457653
4909,570312	-25,561394
4914,953613	-16,662371
4920,336914	-20,127687
4925,720215	-34,655266
4931,103516	-52,156925
4936,486816	-52,155491
4941,870117	-47,544540
4947,253418	-47,188713
4952,636719	-52,687328
4958,020020	-50,402618
4963,403320	-44,462902
4968,786621	-47,534481
4974,169922	-50,181854
4979,553223	-77,678719
4984,936523	-60,139568
4990,319824	-63,838974
4995,703125	-67,183601
5001,086426	-71,901306
5006,469727	-66,551048
5011,853027	-77,146385
5017,236328	-60,924900
5022,619629	-62,428680
5028,002930	-68,363243
5033,386230	-68,885437
5038,769531	-58,184006
5044,152832	-56,053482
5049,536133	-57,389141
5054,919434	-61,447838
5060,302734	-71,188889
5065,686035	-60,036167
5071,069336	-58,081379
5076,452637	-69,320694
5081,835938	-58,208866
5087,219238	-58,601646
5092,602539	-72,480568
5097,985840	-70,982986
5103,369141	-71,375504
5108,752441	-79,282753
5114,135742	-70,622444
5119,519043	-77,914200
5124,902344	-73,070663
5130,285645	-67,031448
5135,668945	-62,277958
5141,052246	-63,816360
5146,435547	-65,828362
5151,818848	-71,785797
5157,202148	-67,194427
5162,585449	-65,969856
5167,968750	-69,558830
5173,352051	-75,241287
5178,735352	-65,901413
5184,118652	-67,024429
5189,501953	-72,744522
5194,885254	-72,567024
5200,268555	-77,312370
5205,651855	-79,544563
5211,035156	-76,312813
5216,418457	-71,233131
5221,801758	-71,989212
5227,185059	-77,055618
5232,568359	-94,419060
5237,951660	-83,431656
5243,334961	-78,140694
5248,718262	-83,584015
5254,101562	-75,001572
5259,484863	-68,240273
5264,868164	-71,292923
5270,251465	-81,211357
5275,634766	-85,413956
5281,018066	-81,710320
5286,401367	-80,451591
5291,784668	-83,990242
5297,167969	-72,881828
5302,551270	-64,972351
5307,934570	-71,989578
5313,317871	-60,072891
5318,701172	-62,351780
5324,084473	-57,917553
5329,467773	-59,549751
5334,851074	-63,185101
5340,234375	-61,433811
5345,617676	-70,508018
5351,000977	-68,571968
5356,384277	-72,649223
5361,767578	-69,783569
5367,150879	-65,290779
5372,534180	-62,216698
5377,917480	-59,991360
5383,300781	-52,808498
5388,684082	-51,985989
5394,067383	-64,399940
5399,450684	-68,424240
5404,833984	-61,985123
5410,217285	-70,164017
5415,600586	-66,911964
5420,983887	-65,255615
5426,367188	-59,351017
5431,750488	-63,584023
5437,133789	-50,597778
5442,517090	-48,157520
5447,900391	-44,442959
5453,283691	-43,743229
5458,666992	-39,899803
5464,050293	-38,377346
5469,433594	-40,964268
5474,816895	-45,695805
5480,200195	-47,778145
5485,583496	-49,230083
5490,966797	-60,331047
5496,350098	-64,275780
5501,733398	-60,982090
5507,116699	-58,860191
5512,500000	-62,365337
5517,883301	-63,215176
5523,266602	-67,048210
5528,649902	-72,876709
5534,033203	-78,877167
5539,416504	-83,601357
5544,799805	-71,188644
5550,183105	-67,879616
5555,566406	-72,275803
5560,949707	-72,242813
5566,333008	-68,798401
5571,716309	-67,208382
5577,099609	-71,288849
5582,482910	-67,540833
5587,866211	-73,455849
5593,249512	-73,150330
5598,632812	-69,299492
5604,016113	-70,235260
5609,399414	-79,825745
5614,782715	-75,895020
5620,166016	-76,074821
5625,549316	-76,714081
5630,932617	-82,413155
5636,315918	-81,425423
5641,699219	-81,981186
5647,082520	-78,148521
5652,465820	-84,809685
5657,849121	-75,309738
5663,232422	-89,121918
5668,615723	-89,492828
5673,999023	-75,829575
5679,382324	-76,145927
5684,765625	-72,545952
5690,148926	-68,051445
5695,532227	-68,192825
5700,915527	-65,277214
5706,298828	-65,011879
5711,682129	-66,598198
5717,065430	-66,756004
5722,448730	-68,284897
5727,832031	-72,263367
5733,215332	-80,047409
5738,598633	-69,153297
5743,981934	-69,982529
5749,365234	-71,712189
5754,748535	-67,892242
5760,131836	-72,855606
5765,515137	-76,076668
5770,898438	-78,948631
5776,281738	-73,072205
5781,665039	-73,799210
5787,048340	-74,395409
5792,431641	-67,226601
5797,814941	-71,167747
5803,198242	-75,819351
5808,581543	-73,477180
5813,964844	-67,440948
5819,348145	-58,834358
5824,731445	-57,236172
5830,114746	-56,985405
5835,498047	-58,170792
5840,881348	-62,941139
5846,264648	-72,687439
5851,647949	-64,238205
5857,031250	-74,780762
5862,414551	-61,908741
5867,797852	-64,437317
5873,181152	-60,101543
5878,564453	-62,098927
5883,947754	-58,740219
5889,331055	-54,593857
5894,714355	-58,058186
5900,097656	-56,603420
5905,480957	-58,928143
5910,864258	-66,266945
5916,247559	-61,269451
5921,630859	-60,989326
5927,014160	-59,395599
5932,397461	-45,898186
5937,780762	-46,551083
5943,164062	-59,875412
5948,547363	-67,969711
5953,930664	-61,406521
5959,313965	-62,096878
5964,697266	-60,206200
5970,080566	-61,064983
5975,463867	-53,790546
5980,847168	-57,919983
5986,230469	-59,910477
5991,613770	-55,523132
5996,997070	-43,117836
6002,380371	-38,626278
6007,763672	-28,459436
6013,146973	-29,438105
6018,530273	-44,142078
6023,913574	-45,953968
6029,296875	-49,213242
6034,680176	-51,810055
6040,063477	-63,640209
6045,446777	-65,920425
6050,830078	-74,067078
6056,213379	-61,007668
6061,596680	-59,056690
6066,979980	-59,225182
6072,363281	-64,220642
6077,746582	-60,617363
6083,129883	-54,835598
6088,513184	-51,956448
6093,896484	-59,530819
6099,279785	-59,033249
6104,663086	-59,634830
6110,046387	-76,085915
6115,429688	-58,137829
6120,812988	-55,627060
6126,196289	-58,261433
6131,579590	-61,424652
6136,962891	-66,421402
6142,346191	-82,348740
6147,729492	-75,375504
6153,112793	-76,854073
6158,496094	-73,822281
6163,879395	-77,080101
6169,262695	-79,522308
6174,645996	-81,338196
6180,029297	-86,363365
6185,412598	-91,993393
6190,795898	-96,786858
6196,179199	-85,553894
6201,562500	-86,088570
6206,945801	-84,814003
6212,329102	-96,708961
6217,712402	-100,282417
6223,095703	-82,077347
6228,479004	-79,622833
6233,862305	-85,579102
6239,245605	-96,594284
6244,628906	-90,939415
6250,012207	-86,816185
6255,395508	-90,238747
6260,778809	-90,919678
6266,162109	-84,927841
6271,545410	-78,465103
6276,928711	-76,947830
6282,312012	-76,607170
6287,695312	-78,003433
6293,078613	-87,583794
6298,461914	-79,841125
6303,845215	-82,020943
6309,228516	-81,639099
6314,611816	-77,603020
6319,995117	-77,096146
6325,378418	-83,353111
6330,761719	-77,362083
6336,145020	-79,658035
6341,528320	-78,120560
6346,911621	-85,147400
6352,294922	-80,838814
6357,678223	-83,047058
6363,061523	-109,913742
6368,444824	-83,117432
6373,828125	-81,338951
6379,211426	-74,763428
6384,594727	-77,507874
6389,978027	-71,419685
6395,361328	-71,890388
6400,744629	-72,954041
6406,127930	-76,242775
6411,511230	-79,891830
6416,894531	-74,257553
6422,277832	-91,143700
6427,661133	-71,534660
6433,044434	-70,479668
6438,427734	-74,693008
6443,811035	-77,891571
6449,194336	-69,992203
6454,577637	-66,247086
6459,960938	-63,087677
6465,344238	-62,581928
6470,727539	-62,804466
6476,110840	-72,429871
6481,494141	-85,404869
6486,877441	-73,363029
6492,260742	-66,468834
6497,644043	-63,893970
6503,027344	-64,690269
6508,410645	-56,634216
6513,793945	-54,629353
6519,177246	-52,159523
6524,560547	-55,035507
6529,943848	-52,966488
6535,327148	-62,120831
6540,710449	-48,747402
6546,093750	-42,304790
6551,477051	-31,609022
6556,860352	-29,944645
6562,243652	-38,436008
6567,626953	-47,441368
6573,010254	-55,148071
6578,393555	-59,035172
6583,776855	-62,571941
6589,160156	-66,209435
6594,543457	-60,132332
6599,926758	-75,099831
6605,310059	-59,650146
6610,693359	-60,602573
6616,076660	-65,941368
6621,459961	-70,746536
6626,843262	-64,968491
6632,226562	-61,678749
6637,609863	-59,221069
6642,993164	-59,494099
6648,376465	-63,139091
6653,759766	-75,058853
6659,143066	-74,127640
6664,526367	-70,544731
6669,909668	-73,663414
6675,292969	-70,391800
6680,676270	-83,378136
6686,059570	-71,277649
6691,442871	-79,277664
6696,826172	-73,067627
6702,209473	-71,615120
6707,592773	-81,927536
6712,976074	-73,778206
6718,359375	-77,249222
6723,742676	-81,640671
6729,125977	-70,646233
6734,509277	-62,079273
6739,892578	-60,480850
6745,275879	-61,058624
6750,659180	-63,668438
6756,042480	-67,424843
6761,425781	-72,687721
6766,809082	-81,886246
6772,192383	-85,658508
6777,575684	-78,798828
6782,958984	-70,669411
6788,342285	-69,769402
6793,725586	-76,693054
6799,108887	-87,830994
6804,492188	-76,350227
6809,875488	-83,400627
6815,258789	-82,876556
6820,642090	-71,615532
6826,025391	-74,390839
6831,408691	-74,253632
6836,791992	-73,850388
6842,175293	-72,554893
6847,558594	-72,174164
6852,941895	-69,371773
6858,325195	-68,989540
6863,708496	-67,267029
6869,091797	-67,959740
6874,475098	-63,132957
6879,858398	-65,327782
6885,241699	-68,273788
6890,625000	-77,864174
6896,008301	-88,201828
6901,391602	-89,238167
6906,774902	-79,807678
6912,158203	-75,533905
6917,541504	-75,290283
6922,924805	-72,299522
6928,308105	-66,179726
6933,691406	-60,250141
6939,074707	-58,717255
6944,458008	-60,316082
6949,841309	-69,944008
6955,224609	-70,194344
6960,607910	-74,303398
6965,991211	-70,860634
6971,374512	-76,005295
6976,757812	-71,055824
6982,141113	-69,788864
6987,524414	-79,301605
6992,907715	-80,021805
6998,291016	-67,166641
7003,674316	-63,422401
7009,057617	-69,169464
7014,440918	-55,844971
7019,824219	-55,544315
7025,207520	-57,018658
7030,590820	-51,711155
7035,974121	-53,666416
7041,357422	-70,205933
7046,740723	-54,558987
7052,124023	-52,246136
7057,507324	-57,968269
7062,890625	-56,969799
7068,273926	-52,398483
7073,657227	-49,322887
7079,040527	-47,140766
7084,423828	-48,133839
7089,807129	-50,914284
7095,190430	-32,944321
7100,573730	-24,869150
7105,957031	-25,840693
7111,340332	-37,091240
7116,723633	-50,195663
7122,106934	-66,015175
7127,490234	-65,401794
7132,873535	-72,811378
7138,256836	-54,702282
7143,640137	-54,758179
7149,023438	-64,121765
7154,406738	-63,655621
7159,790039	-58,516392
7165,173340	-59,241440
7170,556641	-64,071884
7175,939941	-56,400818
7181,323242	-55,891991
7186,706543	-57,994854
7192,089844	-73,319672
7197,473145	-65,339767
7202,856445	-61,630058
7208,239746	-67,896301
7213,623047	-70,692810
7219,006348	-77,564949
7224,389648	-70,566292
7229,772949	-68,634964
7235,156250	-77,269676
7240,539551	-79,104919
7245,922852	-75,996536
7251,306152	-76,411575
7256,689453	-75,221748
7262,072754	-71,839462
7267,456055	-74,060623
7272,839355	-83,839523
7278,222656	-80,111320
7283,605957	-76,759453
7288,989258	-91,395897
7294,372559	-75,116730
7299,755859	-78,925743
7305,139160	-75,664505
7310,522461	-76,328102
7315,905762	-76,954941
7321,289062	-75,147766
7326,672363	-82,748848
7332,055664	-79,120537
7337,438965	-80,301964
7342,822266	-77,375626
7348,205566	-74,102448
7353,588867	-74,400482
7358,972168	-78,231392
7364,355469	-80,687622
7369,738770	-72,848106
7375,122070	-74,882927
7380,505371	-87,073456
7385,888672	-79,563950
7391,271973	-76,650978
7396,655273	-78,599983
7402,038574	-87,266968
7407,421875	-86,508858
7412,805176	-77,585808
7418,188477	-86,773514
7423,571777	-81,761826
7428,955078	-80,725632
7434,338379	-92,057823
7439,721680	-89,769043
7445,104980	-81,519150
7450,488281	-69,938133
7455,871582	-69,064468
7461,254883	-77,657883
7466,638184	-75,613083
7472,021484	-66,243698
7477,404785	-64,006073
7482,788086	-63,062592
7488,171387	-60,162399
7493,554688	-58,177265
7498,937988	-59,482891
7504,321289	-60,780182
7509,704590	-60,062675
7515,087891	-58,450348
7520,471191	-57,669022
7525,854492	-57,061790
7531,237793	-53,882843
7536,621094	-58,691971
7542,004395	-75,829849
7547,387695	-59,406754
7552,770996	-59,110592
7558,154297	-63,002239
7563,537598	-64,922699
7568,920898	-56,339909
7574,304199	-56,102058
7579,687500	-57,811077
7585,070801	-63,245312
7590,454102	-78,563965
7595,837402	-58,657711
7601,220703	-50,063442
7606,604004	-53,008751
7611,987305	-58,233009
7617,370605	-55,258301
7622,753906	-53,490292
7628,137207	-51,286854
7633,520508	-65,206322
7638,903809	-46,889706
7644,287109	-39,670403
7649,670410	-42,397530
7655,053711	-47,649139
7660,437012	-48,100483
7665,820312	-53,972763
7671,203613	-51,898380
7676,586914	-58,932758
7681,970215	-62,637127
7687,353516	-65,216499
7692,736816	-63,259918
7698,120117	-71,411980
7703,503418	-67,709991
7708,886719	-68,569923
7714,270020	-60,626289
7719,653320	-58,993301
7725,036621	-65,007790
7730,419922	-60,136105
7735,803223	-73,758095
7741,186523	-67,903099
7746,569824	-73,306984
7751,953125	-77,242142
7757,336426	-75,119560
7762,719727	-79,286491
7768,103027	-70,479347
7773,486328	-74,207924
7778,869629	-66,149452
7784,252930	-70,207695
7789,636230	-79,285629
7795,019531	-61,451820
7800,402832	-62,483387
7805,786133	-61,826794
7811,169434	-68,969658
7816,552734	-83,142090
7821,936035	-76,125038
7827,319336	-70,362419
7832,702637	-68,747154
7838,085938	-66,672821
7843,469238	-66,247025
7848,852539	-63,068375
7854,235840	-64,485580
7859,619141	-66,225945
7865,002441	-71,705154
7870,385742	-79,956467
7875,769043	-81,402420
7881,152344	-77,089882
7886,535645	-77,344513
7891,918945	-82,320930
7897,302246	-87,149544
7902,685547	-85,976181
7908,068848	-79,774895
7913,452148	-85,694435
7918,835449	-93,686462
7924,218750	-86,564514
7929,602051	-84,747864
7934,985352	-82,014755
7940,368652	-83,163338
7945,751953	-82,288406
7951,135254	-75,718796
7956,518555	-73,728409
7961,901855	-70,513107
7967,285156	-65,775002
7972,668457	-62,585129
7978,051758	-62,311249
7983,435059	-68,244026
7988,818359	-64,021507
7994,201660	-72,416924
7999,584961	-63,405766
8004,968262	-59,519306
8010,351562	-60,773159
8015,734863	-65,416298
8021,118164	-69,548988
8026,501465	-68,969154
8031,884766	-70,305397
8037,268066	-68,852791
8042,651367	-66,707390
8048,034668	-64,252014
8053,417969	-62,668625
8058,801270	-63,162682
8064,184570	-66,385719
8069,567871	-72,117935
8074,951172	-75,174286
8080,334473	-73,119484
8085,717773	-68,282059
8091,101074	-67,649826
8096,484375	-72,324280
8101,867676	-60,501976
8107,250977	-61,036743
8112,634277	-66,181488
8118,017578	-60,601826
8123,400879	-81,341270
8128,784180	-60,453716
8134,167480	-56,545052
8139,550781	-51,947292
8144,934082	-49,231300
8150,317383	-54,104366
8155,700684	-55,320675
8161,083984	-62,944290
8166,467285	-57,451942
8171,850586	-50,209610
8177,233887	-52,888824
8182,617188	-45,159607
8188,000488	-37,939705
8193,383789	-31,367922
8198,767090	-33,975380
8204,150391	-39,597553
8209,533691	-45,952694
8214,916992	-61,635159
8220,300293	-69,245560
8225,683594	-58,278706
8231,066895	-69,812141
8236,450195	-56,206608
8241,833496	-54,616547
8247,216797	-59,260616
8252,600098	-63,174431
8257,983398	-92,687584
8263,366699	-64,450340
8268,750000	-57,817627
8274,133301	-52,680988
8279,516602	-58,366428
8284,899902	-63,545238
8290,283203	-59,630360
8295,666504	-58,486492
8301,049805	-58,960655
8306,433105	-61,097511
8311,816406	-61,671963
8317,199707	-66,518265
8322,583008	-79,920670
8327,966309	-85,691788
8333,349609	-76,277885
8338,732910	-78,170166
8344,116211	-74,206223
8349,499512	-73,619850
8354,882812	-76,331978
8360,266113	-71,929947
8365,649414	-77,408340
8371,032715	-84,644348
8376,416016	-74,563751
8381,799316	-79,948769
8387,182617	-75,225815
8392,565918	-83,448288
8397,949219	-76,860138
8403,332520	-80,387856
8408,715820	-71,979233
8414,099121	-75,366310
8419,482422	-78,152618
8424,865723	-73,872406
8430,249023	-77,153404
8435,632324	-78,258446
8441,015625	-82,177719
8446,398926	-88,645897
8451,782227	-86,987038
8457,165527	-83,996475
8462,548828	-74,520050
8467,932129	-73,490646
8473,315430	-77,911285
8478,698730	-84,146767
8484,082031	-75,937584
8489,465332	-79,006950
8494,848633	-95,879654
8500,231934	-75,441147
8505,615234	-72,532898
8510,998535	-75,045616
8516,381836	-83,121857
8521,765137	-79,705017
8527,148438	-79,857307
8532,531738	-80,934280
8537,915039	-96,227417
8543,298340	-71,170059
8548,681641	-71,242844
8554,064941	-74,555222
8559,448242	-65,283852
8564,831543	-70,046310
8570,214844	-77,739082
8575,598145	-71,774338
8580,981445	-70,924393
8586,364746	-73,859138
8591,748047	-67,948547
8597,131348	-65,364388
8602,514648	-66,466606
8607,897949	-65,464752
8613,281250	-62,101665
8618,664551	-62,849670
8624,047852	-65,541382
8629,431152	-60,877930
8634,814453	-59,930145
8640,197754	-58,550610
8645,581055	-56,347347
8650,964355	-55,168404
8656,347656	-67,374947
8661,730957	-55,781673
8667,114258	-56,310284
8672,497559	-57,630768
8677,880859	-61,897320
8683,264160	-54,711361
8688,647461	-47,301571
8694,030762	-48,957516
8699,414062	-61,046299
8704,797363	-55,966892
8710,180664	-56,990757
8715,563965	-54,231110
8720,947266	-54,351398
8726,330566	-41,104546
8731,713867	-39,535751
8737,097168	-25,002731
8742,480469	-23,169054
8747,863770	-30,862066
8753,247070	-46,067535
8758,630371	-48,413010
8764,013672	-55,874638
8769,396973	-51,413078
8774,780273	-56,417633
8780,163574	-56,820129
8785,546875	-55,689457
8790,930176	-52,664276
8796,313477	-54,423290
8801,696777	-59,399700
8807,080078	-57,215206
8812,463379	-53,082115
8817,846680	-60,079178
8823,229980	-60,203030
8828,613281	-53,841938
8833,996582	-58,500214
8839,379883	-64,147217
8844,763184	-65,424492
8850,146484	-70,714699
8855,529785	-59,788902
8860,913086	-58,411964
8866,296387	-57,307896
8871,679688	-57,043938
8877,062988	-57,013153
8882,446289	-60,116417
8887,829590	-65,622314
8893,212891	-67,476776
8898,596191	-72,665123
8903,979492	-73,660400
8909,362793	-91,281776
8914,746094	-74,102715
8920,129395	-90,447319
8925,512695	-70,795265
8930,895996	-71,177422
8936,279297	-86,134842
8941,662598	-77,483040
8947,045898	-76,524124
8952,429199	-78,190796
8957,812500	-77,930794
8963,195801	-74,600029
8968,579102	-75,799187
8973,962402	-75,672005
8979,345703	-77,997505
8984,729004	-77,882713
8990,112305	-74,892220
8995,495605	-77,793427
9000,878906	-77,388779
9006,262207	-86,847267
9011,645508	-81,207581
9017,028809	-90,024712
9022,412109	-79,184319
9027,795410	-83,774345
9033,178711	-77,843498
9038,562012	-72,696175
9043,945312	-72,682617
9049,328613	-75,597900
9054,711914	-79,684006
9060,095215	-86,956757
9065,478516	-81,886230
9070,861816	-78,031158
9076,245117	-79,525139
9081,628418	-90,976486
9087,011719	-77,217155
9092,395020	-73,623444
9097,778320	-74,182434
9103,161621	-77,005882
9108,544922	-75,118889
9113,928223	-80,354721
9119,311523	-71,014313
9124,694824	-73,738533
9130,078125	-81,242065
9135,461426	-81,107040
9140,844727	-79,112839
9146,228027	-85,625473
9151,611328	-75,856308
9156,994629	-79,693047
9162,377930	-71,270378
9167,761230	-66,354301
9173,144531	-67,843994
9178,527832	-66,153099
9183,911133	-67,728981
9189,294434	-66,660210
9194,677734	-68,310776
9200,061035	-66,107170
9205,444336	-64,539703
9210,827637	-63,943420
9216,210938	-59,714333
9221,594238	-55,014400
9226,977539	-56,944122
9232,360840	-62,067467
9237,744141	-55,921680
9243,127441	-51,573532
9248,510742	-52,730228
9253,894043	-49,271763
9259,277344	-47,911663
9264,660645	-69,807930
9270,043945	-47,084404
9275,427246	-42,747948
9280,810547	-33,114132
9286,193848	-27,307806
9291,577148	-30,319235
9296,960449	-39,250851
9302,343750	-49,603012
9307,727051	-47,298786
9313,110352	-52,718479
9318,493652	-53,231453
9323,876953	-49,842632
9329,260254	-53,350700
9334,643555	-51,483833
9340,026855	-49,854786
9345,410156	-58,939751
9350,793457	-64,552902
9356,176758	-60,528221
9361,560059	-63,658009
9366,943359	-59,856453
9372,326660	-59,644257
9377,709961	-57,619781
9383,093262	-64,204773
9388,476562	-60,574932
9393,859863	-70,759155
9399,243164	-63,414989
9404,626465	-89,703430
9410,009766	-69,022148
9415,393066	-71,646164
9420,776367	-73,711929
9426,159668	-74,772964
9431,542969	-89,845718
9436,926270	-79,886314
9442,309570	-76,251381
9447,692871	-85,196754
9453,076172	-79,063560
9458,459473	-74,792419
9463,842773	-85,821999
9469,226074	-71,592316
9474,609375	-69,932610
9479,992676	-79,045441
9485,375977	-74,088005
9490,759277	-78,265778
9496,142578	-76,259262
9501,525879	-77,203499
9506,909180	-79,891899
9512,292480	-82,885048
9517,675781	-79,633720
9523,059082	-80,776711
9528,442383	-84,042099
9533,825684	-77,332306
9539,208984	-87,252861
9544,592285	-78,952042
9549,975586	-76,358109
9555,358887	-85,636787
9560,742188	-85,294350
9566,125488	-90,254906
9571,508789	-85,349045
9576,892090	-88,864212
9582,275391	-85,128807
9587,658691	-89,359329
9593,041992	-81,049828
9598,425293	-83,282585
9603,808594	-89,154434
9609,191895	-90,042053
9614,575195	-87,527855
9619,958496	-89,669884
9625,341797	-80,343140
9630,725098	-93,086479
9636,108398	-81,852371
9641,491699	-89,089783
9646,875000	-82,823540
9652,258301	-85,756912
9657,641602	-88,240829
9663,024902	-88,247704
9668,408203	-82,674103
9673,791504	-79,609856
9679,174805	-83,243088
9684,558105	-81,783150
9689,941406	-83,104897
9695,324707	-89,151115
9700,708008	-83,828041
9706,091309	-77,325203
9711,474609	-81,254128
9716,857910	-81,867401
9722,241211	-89,776451
9727,624512	-88,844704
9733,007812	-78,396698
9738,391113	-92,227867
9743,774414	-84,567276
9749,157715	-80,664040
9754,541016	-89,942909
9759,924316	-81,165077
9765,307617	-92,374657
9770,690918	-97,022011
9776,074219	-82,018890
9781,457520	-96,067078
9786,840820	-87,637848
9792,224121	-78,768768
9797,607422	-80,911858
9802,990723	-76,395592
9808,374023	-81,630684
9813,757324	-84,311180
9819,140625	-85,934029
9824,523926	-83,363701
9829,907227	-84,586403
9835,290527	-80,018517
9840,673828	-79,040199
9846,057129	-79,864525
9851,440430	-77,590118
9856,823730	-78,981163
9862,207031	-77,089256
9867,590332	-103,399117
9872,973633	-79,164276
9878,356934	-70,743080
9883,740234	-70,877235
9889,123535	-68,069878
9894,506836	-71,563766
9899,890137	-70,541656
9905,273438	-74,682587
9910,656738	-76,815994
9916,040039	-81,658325
9921,423340	-74,317978
9926,806641	-83,508011
9932,189941	-72,914452
9937,573242	-71,544075
9942,956543	-71,216888
9948,339844	-95,232346
9953,723145	-71,741699
9959,106445	-74,944832
9964,489746	-68,081619
9969,873047	-71,718834
9975,256348	-66,233253
9980,639648	-68,071815
9986,022949	-67,559158
9991,406250	-61,688160
9996,789551	-66,574219
10002,172852	-59,757828
10007,556152	-53,066963
10012,939453	-50,856609
10018,322754	-45,873302
10023,706055	-37,429039
10029,089355	-40,885475
10034,472656	-51,156319
10039,855957	-63,214348
10045,239258	-70,785316
10050,622559	-62,560543
10056,005859	-64,522354
10061,389160	-62,201050
10066,772461	-76,519287
10072,155762	-64,155296
10077,539062	-63,377075
10082,922363	-74,368462
10088,305664	-68,892418
10093,688965	-73,747665
10099,072266	-73,446777
10104,455566	-71,601288
10109,838867	-76,767479
10115,222168	-76,945366
10120,605469	-75,936661
10125,988770	-86,450150
10131,372070	-78,465370
10136,755371	-75,810585
10142,138672	-82,700790
10147,521973	-77,333733
10152,905273	-99,750290
10158,288574	-81,308899
10163,671875	-86,340691
10169,055176	-87,006516
10174,438477	-89,796989
10179,821777	-75,183784
10185,205078	-77,529648
10190,588379	-80,750076
10195,971680	-91,116447
10201,354980	-80,796867
10206,738281	-81,686813
10212,121582	-86,279167
10217,504883	-91,167427
10222,888184	-74,716385
10228,271484	-79,247055
10233,654785	-76,563431
10239,038086	-79,326454
10244,421387	-81,750175
10249,804688	-82,280037
10255,187988	-92,794670
10260,571289	-83,187317
10265,954590	-76,736168
10271,337891	-84,292419
10276,721191	-79,549835
10282,104492	-76,560440
10287,487793	-80,302902
10292,871094	-75,392456
10298,254395	-79,811272
10303,637695	-78,055534
10309,020996	-73,479828
10314,404297	-81,790192
10319,787598	-80,416229
10325,170898	-79,596634
10330,554199	-78,997391
10335,937500	-76,907471
10341,320801	-83,297401
10346,704102	-76,106438
10352,087402	-77,114365
10357,470703	-79,052795
10362,854004	-80,634171
10368,237305	-82,045319
10373,620605	-73,753990
10379,003906	-81,768578
10384,387207	-73,326553
10389,770508	-71,225060
10395,153809	-73,888939
10400,537109	-83,555260
10405,920410	-69,863510
10411,303711	-69,751816
10416,687012	-85,279068
10422,070312	-78,515999
10427,453613	-79,108467
10432,836914	-81,755692
10438,220215	-79,776009
10443,603516	-79,212502
10448,986816	-69,351074
10454,370117	-76,920609
10459,753418	-81,279419
10465,136719	-75,733574
10470,520020	-74,339989
10475,903320	-73,876160
10481,286621	-66,990479
10486,669922	-69,832603
10492,053223	-66,233658
10497,436523	-77,248299
10502,819824	-75,839668
10508,203125	-65,315788
10513,586426	-64,336418
10518,969727	-62,826103
10524,353027	-58,668526
10529,736328	-65,351257
10535,119629	-58,471504
10540,502930	-57,396633
10545,886230	-57,201328
10551,269531	-59,228954
10556,652832	-56,487469
10562,036133	-45,486732
10567,419434	-38,659454
10572,802734	-33,399826
10578,186035	-41,135063
10583,569336	-52,600224
10588,952637	-57,437969
10594,335938	-68,206367
10599,719238	-58,379303
10605,102539	-58,213585
10610,485840	-59,392750
10615,869141	-61,562641
10621,252441	-58,262630
10626,635742	-57,984798
10632,019043	-62,675034
10637,402344	-64,065704
10642,785645	-81,435684
10648,168945	-70,484070
10653,552246	-65,997887
10658,935547	-67,417053
10664,318848	-66,747589
10669,702148	-72,007454
10675,085449	-74,642036
10680,468750	-72,249428
10685,852051	-68,366325
10691,235352	-66,857292
10696,618652	-67,751396
10702,001953	-73,973885
10707,385254	-72,308701
10712,768555	-73,669533
10718,151855	-93,723816
10723,535156	-95,634018
10728,918457	-82,413094
10734,301758	-82,253494
10739,685059	-77,182632
10745,068359	-75,712479
10750,451660	-80,935287
10755,834961	-81,918953
10761,218262	-73,834435
10766,601562	-73,256660
10771,984863	-78,579193
10777,368164	-88,899696
10782,751465	-80,858879
10788,134766	-73,920837
10793,518066	-72,317825
10798,901367	-91,715027
10804,284668	-77,558853
10809,667969	-77,875374
10815,051270	-80,909904
10820,434570	-79,422043
10825,817871	-75,291138
10831,201172	-80,549591
10836,584473	-82,661552
10841,967773	-80,241356
10847,351074	-79,508774
10852,734375	-75,831230
10858,117676	-73,585373
10863,500977	-75,540688
10868,884277	-84,528824
10874,267578	-89,820732
10879,650879	-82,471573
10885,034180	-84,324310
10890,417480	-82,186882
10895,800781	-78,624214
10901,184082	-76,004913
10906,567383	-76,850487
10911,950684	-82,582817
10917,333984	-75,076096
10922,717285	-74,885529
10928,100586	-77,863678
10933,483887	-77,147346
10938,867188	-85,837791
10944,250488	-80,105484
10949,633789	-81,110352
10955,017090	-79,798065
10960,400391	-72,715561
10965,783691	-75,541161
10971,166992	-71,902946
10976,550293	-68,253021
10981,933594	-69,632607
10987,316895	-71,978821
10992,700195	-79,443306
10998,083496	-79,132050
11003,466797	-82,772057
11008,850098	-74,627930
11014,233398	-76,443130
11019,616699	-79,395218
11025,000000	-77,679443
11030,383301	-71,723282
11035,766602	-76,098991
11041,149902	-66,821854
11046,533203	-71,077415
11051,916504	-87,629822
11057,299805	-91,973892
11062,683105	-70,281265
11068,066406	-68,625137
11073,449707	-71,652504
11078,833008	-71,187843
11084,216309	-71,559219
11089,599609	-74,691589
11094,982910	-68,357765
11100,366211	-63,241238
11105,749512	-56,225971
11111,132812	-45,165348
11116,516113	-35,960339
11121,899414	-38,623924
11127,282715	-55,059383
11132,666016	-56,995510
11138,049316	-65,197227
11143,432617	-64,560867
11148,815918	-60,537724
11154,199219	-62,468456
11159,582520	-63,375179
11164,965820	-68,620720
11170,349121	-66,187172
11175,732422	-73,873436
11181,115723	-69,977196
11186,499023	-69,147263
11191,882324	-77,316460
11197,265625	-72,909401
11202,648926	-69,404228
11208,032227	-70,975693
11213,415527	-71,976891
11218,798828	-72,031998
11224,182129	-74,857246
11229,565430	-75,040855
11234,948730	-70,475739
11240,332031	-69,019958
11245,715332	-71,991104
11251,098633	-75,794708
11256,481934	-73,982834
11261,865234	-78,334755
11267,248535	-77,829239
11272,631836	-99,442589
11278,015137	-81,612907
11283,398438	-81,663033
11288,781738	-75,951981
11294,165039	-78,532234
11299,548340	-80,444778
11304,931641	-76,642204
11310,314941	-87,394188
11315,698242	-86,554611
11321,081543	-81,731728
11326,464844	-81,332542
11331,848145	-79,219543
11337,231445	-78,806412
11342,614746	-76,312515
11347,998047	-81,326134
11353,381348	-78,969734
11358,764648	-94,349960
11364,147949	-84,746521
11369,531250	-83,146156
11374,914551	-77,115860
11380,297852	-80,401634
11385,681152	-91,739403
11391,064453	-92,826027
11396,447754	-97,920815
11401,831055	-88,283676
11407,214355	-90,878517
11412,597656	-90,210609
11417,980957	-91,912544
11423,364258	-98,648117
11428,747559	-94,995758
11434,130859	-98,377617
11439,514160	-97,024757
11444,897461	-97,461220
11450,280762	-91,176376
11455,664062	-93,709053
11461,047363	-86,159828
11466,430664	-87,268639
11471,813965	-83,555023
11477,197266	-93,771118
11482,580566	-81,347832
11487,963867	-81,155045
11493,347168	-81,156990
11498,730469	-77,217987
11504,113770	-85,040596
11509,497070	-79,282707
11514,880371	-78,011444
11520,263672	-75,460190
11525,646973	-74,752304
11531,030273	-74,169617
11536,413574	-78,055824
11541,796875	-75,957024
11547,180176	-79,740486
11552,563477	-78,792709
11557,946777	-77,512001
11563,330078	-77,115120
11568,713379	-75,973167
11574,096680	-75,289581
11579,479980	-72,809380
11584,863281	-69,620338
11590,246582	-67,419136
11595,629883	-73,065033
11601,013184	-78,083458
11606,396484	-73,898766
11611,779785	-73,455872
11617,163086	-68,529907
11622,546387	-71,425362
11627,929688	-72,804848
11633,312988	-73,159294
11638,696289	-67,446465
11644,079590	-65,834854
11649,462891	-59,324303
11654,846191	-55,605255
11660,229492	-56,170399
11665,612793	-53,816216
11670,996094	-56,480907
11676,379395	-62,910645
11681,762695	-63,947803
11687,145996	-64,014427
11692,529297	-68,338608
11697,912598	-71,111847
11703,295898	-74,786362
11708,679199	-73,677544
11714,062500	-71,717278
11719,445801	-75,403633
11724,829102	-73,644348
11730,212402	-83,166267
11735,595703	-77,979416
11740,979004	-88,785072
11746,362305	-80,992195
11751,745605	-78,988289
11757,128906	-84,147041
11762,512207	-81,313248
11767,895508	-89,235794
11773,278809	-78,779488
11778,662109	-82,792900
11784,045410	-82,510826
11789,428711	-95,545341
11794,812012	-88,810898
11800,195312	-82,830894
11805,578613	-89,042091
11810,961914	-90,413177
11816,345215	-89,439865
11821,728516	-82,350319
11827,111816	-82,611961
11832,495117	-82,618149
11837,878418	-82,566330
11843,261719	-101,514816
11848,645020	-85,418159
11854,028320	-96,720222
11859,411621	-88,947792
11864,794922	-87,275284
11870,178223	-83,569267
11875,561523	-84,873726
11880,944824	-82,449593
11886,328125	-87,819221
11891,711426	-80,502609
11897,094727	-82,568863
11902,478027	-78,690460
11907,861328	-77,921928
11913,244629	-77,779419
11918,627930	-76,557449
11924,011230	-79,551208
11929,394531	-78,759926
11934,777832	-82,487587
11940,161133	-84,927582
11945,544434	-79,453094
11950,927734	-83,641411
11956,311035	-79,898987
11961,694336	-79,608665
11967,077637	-83,043961
11972,460938	-81,522636
11977,844238	-85,411499
11983,227539	-80,017303
11988,610840	-88,979774
11993,994141	-78,473869
11999,377441	-88,157204
12004,760742	-81,880409
12010,144043	-80,922310
12015,527344	-89,713203
12020,910645	-81,509476
12026,293945	-102,770119
12031,677246	-82,546013
12037,060547	-87,011971
12042,443848	-84,163651
12047,827148	-79,854691
12053,210449	-77,563255
12058,593750	-94,243301
12063,977051	-73,110863
12069,360352	-76,153549
12074,743652	-74,926132
12080,126953	-75,730965
12085,510254	-70,515137
12090,893555	-69,767487
12096,276855	-70,801643
12101,660156	-70,046814
12107,043457	-77,210709
12112,426758	-76,613640
12117,810059	-79,805466
12123,193359	-75,636398
12128,576660	-69,205948
12133,959961	-64,432281
12139,343262	-64,458305
12144,726562	-71,608246
12150,109863	-67,071465
12155,493164	-76,917450
12160,876465	-79,357513
12166,259766	-83,483711
12171,643066	-90,953804
12177,026367	-70,959320
12182,409668	-76,999008
12187,792969	-76,492577
12193,176270	-66,692917
12198,559570	-54,338100
12203,942871	-53,022545
12209,326172	-43,646267
12214,709473	-44,875301
12220,092773	-61,034943
12225,476074	-57,468407
12230,859375	-66,918549
12236,242676	-66,545258
12241,625977	-78,166946
12247,009277	-74,858330
12252,392578	-70,740967
12257,775879	-85,051300
12263,159180	-73,851357
12268,542480	-73,856026
12273,925781	-85,291580
12279,309082	-86,565765
12284,692383	-71,321915
12290,075684	-66,940887
12295,458984	-73,635612
12300,842285	-68,260162
12306,225586	-76,025269
12311,608887	-72,590805
12316,992188	-72,783203
12322,375488	-70,994492
12327,758789	-75,443947
12333,142090	-77,287659
12338,525391	-78,844307
12343,908691	-81,839813
12349,291992	-76,754456
12354,675293	-76,124863
12360,058594	-82,099197
12365,441895	-87,177406
12370,825195	-78,764465
12376,208496	-80,189224
12381,591797	-88,414787
12386,975098	-85,372063
12392,358398	-83,210892
12397,741699	-92,507812
12403,125000	-91,244423
12408,508301	-93,083733
12413,891602	-91,615280
12419,274902	-92,851082
12424,658203	-91,132217
12430,041504	-95,352882
12435,424805	-97,785561
12440,808105	-102,929382
12446,191406	-95,177132
12451,574707	-88,799767
12456,958008	-89,567276
12462,341309	-88,703857
12467,724609	-87,505783
12473,107910	-89,456558
12478,491211	-92,604195
12483,874512	-96,753517
12489,257812	-88,530144
12494,641113	-81,996300
12500,024414	-77,133965
12505,407715	-77,485748
12510,791016	-80,250320
12516,174316	-81,425613
12521,557617	-86,280533
12526,940918	-80,726334
12532,324219	-83,543938
12537,707520	-85,830368
12543,090820	-83,140335
12548,474121	-98,509056
12553,857422	-82,801666
12559,240723	-81,092422
12564,624023	-87,527992
12570,007324	-75,277817
12575,390625	-89,495590
12580,773926	-75,270187
12586,157227	-77,468323
12591,540527	-80,054512
12596,923828	-85,458366
12602,307129	-80,962440
12607,690430	-98,606491
12613,073730	-90,561539
12618,457031	-89,508148
12623,840332	-87,693893
12629,223633	-81,323250
12634,606934	-99,433441
12639,990234	-88,288643
12645,373535	-94,824783
12650,756836	-91,075081
12656,140137	-79,420914
12661,523438	-76,496819
12666,906738	-82,849800
12672,290039	-75,880821
12677,673340	-77,271393
12683,056641	-83,097969
12688,439941	-79,865013
12693,823242	-75,180954
12699,206543	-70,698807
12704,589844	-74,150871
12709,973145	-62,100311
12715,356445	-65,893501
12720,739746	-72,857651
12726,123047	-64,042915
12731,506348	-69,395523
12736,889648	-73,089867
12742,272949	-60,301014
12747,656250	-50,386585
12753,039551	-44,959339
12758,422852	-45,020737
12763,806152	-53,646362
12769,189453	-94,617424
12774,572754	-67,944557
12779,956055	-66,423157
12785,339355	-86,865425
12790,722656	-66,308670
12796,105957	-62,968895
12801,489258	-66,495621
12806,872559	-70,435539
12812,255859	-67,401932
12817,639160	-70,657127
12823,022461	-86,869560
12828,405762	-74,743881
12833,789062	-77,949211
12839,172363	-70,242882
12844,555664	-67,524536
12849,938965	-74,747261
12855,322266	-73,115204
12860,705566	-73,751945
12866,088867	-82,790871
12871,472168	-68,453888
12876,855469	-65,860641
12882,238770	-65,298668
12887,622070	-65,215439
12893,005371	-67,827133
12898,388672	-63,708878
12903,771973	-61,810326
12909,155273	-55,786526
12914,538574	-53,417583
12919,921875	-51,883533
12925,305176	-52,728764
12930,688477	-56,577419
12936,071777	-60,160538
12941,455078	-64,588882
12946,838379	-65,936623
12952,221680	-68,960304
12957,604980	-66,488426
12962,988281	-64,199043
12968,371582	-66,520744
12973,754883	-74,499245
12979,138184	-74,859650
12984,521484	-72,284187
12989,904785	-73,567757
12995,288086	-75,427193
13000,671387	-73,446434
13006,054688	-72,901787
13011,437988	-74,896034
13016,821289	-77,363678
13022,204590	-75,856354
13027,587891	-77,400459
13032,971191	-81,565948
13038,354492	-86,989677
13043,737793	-80,770554
13049,121094	-83,363792
13054,504395	-82,809311
13059,887695	-86,674545
13065,270996	-91,798752
13070,654297	-85,060127
13076,037598	-82,580627
13081,420898	-85,485626
13086,804199	-91,298775
13092,187500	-80,135719
13097,570801	-79,239914
13102,954102	-81,699097
13108,337402	-81,056076
13113,720703	-82,809326
13119,104004	-90,231842
13124,487305	-83,599533
13129,870605	-81,644737
13135,253906	-78,293541
13140,637207	-86,394997
13146,020508	-93,874550
13151,403809	-91,588493
13156,787109	-100,160683
13162,170410	-89,992012
13167,553711	-93,162254
13172,937012	-93,133186
13178,320312	-93,316864
13183,703613	-90,967384
13189,086914	-90,362915
13194,470215	-94,832626
13199,853516	-94,673370
13205,236816	-96,059593
13210,620117	-95,789566
13216,003418	-92,498909
13221,386719	-99,906647
13226,770020	-94,102783
13232,153320	-87,086052
13237,536621	-91,809280
13242,919922	-93,361938
13248,303223	-90,683167
13253,686523	-88,362717
13259,069824	-109,414932
13264,453125	-87,028389
13269,836426	-82,712952
13275,219727	-80,535057
13280,603027	-81,369217
13285,986328	-83,187424
13291,369629	-79,894287
13296,752930	-72,326225
13302,136230	-64,564468
13307,519531	-66,299393
13312,902832	-73,008659
13318,286133	-78,275826
13323,669434	-82,587677
13329,052734	-88,276062
13334,436035	-84,709221
13339,819336	-82,817131
13345,202637	-93,102318
13350,585938	-90,661774
13355,969238	-91,631699
13361,352539	-88,783585
13366,735840	-95,321541
13372,119141	-90,091377
13377,502441	-86,387917
13382,885742	-84,252945
13388,269043	-85,790398
13393,652344	-96,581635
13399,035645	-96,276184
13404,418945	-95,322105
13409,802246	-103,361099
13415,185547	-107,087570
13420,568848	-103,416924
13425,952148	-98,253960
13431,335449	-95,048637
13436,718750	-95,005959
13442,102051	-93,365746
13447,485352	-99,044762
13452,868652	-110,324677
13458,251953	-105,838264
13463,635254	-103,621994
13469,018555	-104,447334
13474,401855	-111,508904
13479,785156	-105,284180
13485,168457	-100,897232
13490,551758	-103,954201
13495,935059	-106,407570
13501,318359	-102,055389
13506,701660	-112,351318
13512,084961	-100,557381
13517,468262	-103,149078
13522,851562	-103,906326
13528,234863	-101,470985
13533,618164	-122,339325
13539,001465	-102,982918
13544,384766	-111,490273
13549,768066	-103,476112
13555,151367	-107,780380
13560,534668	-101,872917
13565,917969	-108,318886
13571,301270	-103,152771
13576,684570	-108,412285
13582,067871	-108,298393
13587,451172	-105,198021
13592,834473	-101,638893
13598,217773	-100,754707
13603,601074	-100,829742
13608,984375	-101,084900
13614,367676	-100,026123
13619,750977	-117,529518
13625,134277	-99,929649
13630,517578	-96,508926
13635,900879	-101,492081
13641,284180	-95,363983
13646,667480	-100,638626
13652,050781	-102,209938
13657,434082	-94,051544
13662,817383	-94,808113
13668,200684	-102,548279
13673,583984	-90,523254
13678,967285	-85,211082
13684,350586	-83,374695
13689,733887	-84,784149
13695,117188	-81,114555
13700,500488	-82,027214
13705,883789	-85,946342
13711,267090	-86,631516
13716,650391	-81,744560
13722,033691	-80,057777
13727,416992	-79,794930
13732,800293	-77,343773
13738,183594	-82,933098
13743,566895	-100,595787
13748,950195	-89,244690
13754,333496	-85,627769
13759,716797	-85,359558
13765,100098	-102,708298
13770,483398	-85,721809
13775,866699	-84,780128
13781,250000	-86,923958
13786,633301	-104,949348
13792,016602	-90,323982
13797,399902	-83,801346
13802,783203	-80,691315
13808,166504	-83,986115
13813,549805	-98,134758
13818,933105	-91,220680
13824,316406	-90,683754
13829,699707	-87,048622
13835,083008	-97,396812
13840,466309	-92,554535
13845,849609	-81,731201
13851,232910	-86,608704
13856,616211	-93,704887
13861,999512	-88,427818
13867,382812	-94,624458
13872,766113	-94,436501
13878,149414	-90,870796
13883,532715	-93,712898
13888,916016	-102,687584
13894,299316	-96,955452
13899,682617	-97,817436
13905,065918	-107,241753
13910,449219	-103,448853
13915,832520	-101,338318
13921,215820	-113,686897
13926,599121	-110,185844
13931,982422	-109,325447
13937,365723	-112,071571
13942,749023	-112,800766
13948,132324	-113,281944
13953,515625	-117,493561
13958,898926	-125,053978
13964,282227	-118,912460
13969,665527	-129,690109
13975,048828	-137,534561
13980,432129	-131,237656
13985,815430	-119,225876
13991,198730	-113,811745
13996,582031	-117,173584
14001,965332	-121,553467
14007,348633	-126,086426
14012,731934	-124,217621
14018,115234	-116,050758
14023,498535	-116,129944
14028,881836	-120,934410
14034,265137	-129,360458
14039,648438	-130,011017
14045,031738	-133,333023
14050,415039	-147,859207
14055,798340	-137,846313
14061,181641	-132,003082
14066,564941	-128,229507
14071,948242	-126,312828
14077,331543	-129,786362
14082,714844	-131,525742
14088,098145	-132,188370
14093,481445	-129,697861
14098,864746	-125,661278
14104,248047	-126,523003
14109,631348	-134,021378
14115,014648	-134,264679
14120,397949	-140,822418
14125,781250	-160,311829
14131,164551	-144,833618
14136,547852	-144,805710
14141,931152	-133,946136
14147,314453	-131,380508
14152,697754	-136,317368
14158,081055	-136,922272
14163,464355	-143,998825
14168,847656	-138,861526
14174,230957	-131,109421
14179,614258	-130,247955
14184,997559	-134,884689
14190,380859	-138,808685
14195,764160	-140,129089
14201,147461	-155,000931
14206,530762	-146,765671
14211,914062	-143,136642
14217,297363	-140,321915
14222,680664	-134,230759
14228,063965	-140,609497
14233,447266	-142,914413
14238,830566	-144,228943
14244,213867	-148,033035
14249,597168	-143,748764
14254,980469	-140,502258
14260,363770	-134,010239
14265,747070	-145,251648
14271,130371	-147,022888
14276,513672	-147,266281
14281,896973	-148,416092
14287,280273	-140,588196
14292,663574	-139,422073
14298,046875	-130,913269
14303,430176	-128,975861
14308,813477	-136,664108
14314,196777	-159,099960
14319,580078	-143,660934
14324,963379	-135,856506
14330,346680	-130,618546
14335,729980	-128,730865
14341,113281	-131,810623
14346,496582	-121,576164
14351,879883	-116,351837
14357,263184	-122,509636
14362,646484	-126,652534
14368,029785	-120,156929
14373,413086	-115,866821
14378,796387	-112,531624
14384,179688	-110,511436
14389,562988	-108,901230
14394,946289	-107,532677
14400,329590	-106,594048
14405,712891	-106,020248
14411,096191	-105,778473
14416,479492	-105,817184
14421,862793	-106,151779
14427,246094	-106,882965
14432,629395	-107,974792
14438,012695	-109,447083
14443,395996	-111,364738
14448,779297	-113,818260
14454,162598	-117,019051
14459,545898	-121,515373
14464,929199	-128,453766
14470,312500	-147,244553
14475,695801	-134,236679
14481,079102	-129,070740
14486,462402	-127,158882
14491,845703	-126,737984
14497,229004	-126,983162
14502,612305	-127,435905
14507,995605	-128,597046
14513,378906	-130,574097
14518,762207	-133,527710
14524,145508	-135,792175
14529,528809	-135,238449
14534,912109	-131,831558
14540,295410	-129,618591
14545,678711	-128,068832
14551,062012	-127,370590
14556,445312	-125,672333
14561,828613	-124,159821
14567,211914	-128,411179
14572,595215	-135,200195
14577,978516	-139,969299
14583,361816	-129,465668
14588,745117	-123,339943
14594,128418	-128,451401
14599,511719	-143,079041
14604,895020	-140,744614
14610,278320	-139,203308
14615,661621	-141,535583
14621,044922	-152,130020
14626,428223	-142,990173
14631,811523	-127,448769
14637,194824	-118,985413
14642,578125	-123,356705
14647,961426	-146,848648
14653,344727	-140,220963
14658,728027	-137,029312
14664,111328	-140,855164
14669,494629	-147,893280
14674,877930	-150,228455
14680,261230	-150,842438
14685,644531	-151,504822
14691,027832	-151,256363
14696,411133	-156,253021
14701,794434	-143,605667
14707,177734	-140,808701
14712,561035	-144,291077
14717,944336	-148,307861
14723,327637	-148,590302
14728,710938	-153,235504
14734,094238	-159,225647
14739,477539	-157,516754
14744,860840	-152,612671
14750,244141	-151,022400
14755,627441	-147,717056
14761,010742	-145,978516
14766,394043	-146,636841
14771,777344	-152,605240
14777,160645	-151,183472
14782,543945	-143,971924
14787,927246	-144,625702
14793,310547	-148,692505
14798,693848	-147,031006
14804,077148	-143,714630
14809,460449	-145,276382
14814,843750	-153,440811
14820,227051	-144,839188
14825,610352	-145,715897
14830,993652	-140,038773
14836,376953	-135,076218
14841,760254	-137,676682
14847,143555	-125,434410
14852,526855	-128,211533
14857,910156	-140,490982
14863,293457	-133,068939
14868,676758	-126,184547
14874,060059	-120,774811
14879,443359	-124,278000
14884,826660	-131,796738
14890,209961	-139,360062
14895,593262	-144,617294
14900,976562	-126,085892
14906,359863	-118,230919
14911,743164	-114,371330
14917,126465	-112,699455
14922,509766	-112,090324
14927,893066	-109,282631
14933,276367	-107,116058
14938,659668	-106,319778
14944,042969	-105,902878
14949,426270	-105,689980
14954,809570	-105,895653
14960,192871	-106,462975
14965,576172	-107,310074
14970,959473	-108,540329
14976,342773	-110,190430
14981,726074	-112,310509
14987,109375	-115,092667
14992,492676	-118,794525
14997,875977	-124,006195
15003,259277	-133,073761
15008,642578	-139,742416
15014,025879	-131,639252
15019,409180	-129,292526
15024,792480	-129,438919
15030,175781	-131,090927
15035,559082	-134,705063
15040,942383	-143,892670
15046,325684	-150,914978
15051,708984	-140,051849
15057,092285	-137,966797
15062,475586	-136,337875
15067,858887	-136,691208
15073,242188	-139,837448
15078,625488	-144,550095
15084,008789	-147,497345
15089,392090	-145,588333
15094,775391	-142,296906
15100,158691	-143,379608
15105,541992	-144,306778
15110,925293	-145,688126
15116,308594	-156,009171
15121,691895	-145,743561
15127,075195	-132,258591
15132,458496	-121,119560
15137,841797	-122,638924
15143,225098	-136,725266
15148,608398	-147,855743
15153,991699	-146,833313
15159,375000	-141,009949
15164,758301	-150,585220
15170,141602	-151,778305
15175,524902	-146,313461
15180,908203	-143,394119
15186,291504	-141,198364
15191,674805	-149,760010
15197,058105	-153,739197
15202,441406	-153,100708
15207,824707	-151,760452
15213,208008	-149,070206
15218,591309	-149,207245
15223,974609	-150,731110
15229,357910	-151,857895
15234,741211	-148,749557
15240,124512	-149,599884
15245,507812	-149,045654
15250,891113	-149,965851
15256,274414	-148,230286
15261,657715	-149,179810
15267,041016	-151,290039
15272,424316	-155,737259
15277,807617	-161,796722
15283,190918	-149,169693
15288,574219	-146,767029
15293,957520	-146,027756
15299,340820	-145,334183
15304,724121	-146,257797
15310,107422	-157,439484
15315,490723	-155,416290
15320,874023	-151,243027
15326,257324	-143,899170
15331,640625	-141,329361
15337,023926	-140,784134
15342,407227	-139,867218
15347,790527	-139,661987
15353,173828	-144,297806
15358,557129	-151,554520
15363,940430	-142,749451
15369,323730	-136,054443
15374,707031	-139,436401
15380,090332	-149,051636
15385,473633	-141,113113
15390,856934	-155,716446
15396,240234	-144,922012
15401,623535	-143,816132
15407,006836	-142,726318
15412,390137	-139,836258
15417,773438	-132,758606
15423,156738	-133,566650
15428,540039	-147,802155
15433,923340	-152,163300
15439,306641	-155,084641
15444,689941	-140,802155
15450,073242	-146,851685
15455,456543	-154,006424
15460,839844	-150,136505
15466,223145	-132,197952
15471,606445	-129,086563
15476,989746	-138,244385
15482,373047	-151,434006
15487,756348	-153,633759
15493,139648	-150,475937
15498,522949	-148,171066
15503,906250	-158,280624
15509,289551	-154,396744
15514,672852	-144,616119
15520,056152	-142,268097
15525,439453	-148,767303
15530,822754	-149,387909
15536,206055	-148,562012
15541,589355	-152,604935
15546,972656	-157,565521
15552,355957	-171,226044
15557,739258	-154,683014
15563,122559	-171,298828
15568,505859	-166,668335
15573,889160	-163,421387
15579,272461	-158,521347
15584,655762	-155,359802
15590,039062	-178,562073
15595,422363	-160,635132
15600,805664	-156,163574
15606,188965	-150,071823
15611,572266	-143,136093
15616,955566	-144,945847
15622,338867	-148,631287
15627,722168	-144,817368
15633,105469	-144,308731
15638,488770	-148,446411
15643,872070	-155,759216
15649,255371	-155,575546
15654,638672	-145,573792
15660,021973	-145,842850
15665,405273	-158,809326
15670,788574	-154,241043
15676,171875	-138,179321
15681,555176	-133,056534
15686,938477	-141,677261
15692,321777	-158,282349
15697,705078	-154,953339
15703,088379	-147,845337
15708,471680	-144,507629
15713,854980	-147,459946
15719,238281	-154,319977
15724,621582	-131,322723
15730,004883	-124,286957
15735,388184	-129,468277
15740,771484	-150,984741
15746,154785	-148,217239
15751,538086	-132,842438
15756,921387	-129,071014
15762,304688	-137,626846
15767,687988	-151,677414
15773,071289	-174,621857
15778,454590	-149,536896
15783,837891	-147,499557
15789,221191	-158,728760
15794,604492	-165,476135
15799,987793	-160,897873
15805,371094	-165,498459
15810,754395	-153,661057
15816,137695	-162,422043
15821,520996	-156,441605
15826,904297	-166,783508
15832,287598	-165,572815
15837,670898	-169,127090
15843,054199	-167,233353
15848,437500	-166,093979
15853,820801	-174,332397
15859,204102	-173,812363
15864,587402	-167,304718
15869,970703	-160,909531
15875,354004	-163,403519
15880,737305	-163,856155
15886,120605	-157,819321
15891,503906	-156,261734
15896,887207	-160,008728
15902,270508	-159,553375
15907,653809	-151,188995
15913,037109	-155,775864
15918,420410	-152,867294
15923,803711	-152,553757
15929,187012	-152,985550
15934,570312	-149,041428
15939,953613	-145,220490
15945,336914	-153,844131
15950,720215	-154,133789
15956,103516	-149,208847
15961,486816	-126,212921
15966,870117	-121,668114
15972,253418	-128,853088
15977,636719	-145,928391
15983,020020	-142,863739
15988,403320	-143,831268
15993,786621	-145,131409
15999,169922	-145,487259
16004,553223	-161,270172
16009,936523	-133,494034
16015,319824	-126,690727
16020,703125	-130,665878
16026,086426	-141,751755
16031,469727	-155,275879
16036,853027	-144,455338
16042,236328	-140,281097
16047,619629	-153,274948
16053,002930	-152,945374
16058,386230	-140,302567
16063,769531	-131,645294
16069,152832	-133,781677
16074,536133	-152,110291
16079,919434	-146,884827
16085,302734	-152,545044
16090,686035	-156,942795
16096,069336	-164,803253
16101,452637	-164,028046
16106,835938	-169,410172
16112,219238	-153,100296
16117,602539	-151,662369
16122,985840	-157,582993
16128,369141	-174,507141
16133,752441	-160,636795
16139,135742	-157,988693
16144,519043	-153,324219
16149,902344	-154,326950
16155,285645	-159,622803
16160,668945	-153,424530
16166,052246	-164,596344
16171,435547	-144,363037
16176,818848	-139,628494
16182,202148	-142,597000
16187,585449	-145,017242
16192,968750	-146,833069
16198,352051	-141,088486
16203,735352	-139,661560
16209,118652	-145,353027
16214,501953	-171,044464
16219,885254	-138,002640
16225,268555	-128,960861
16230,651855	-131,681427
16236,035156	-149,351151
16241,418457	-155,807281
16246,801758	-138,452255
16252,185059	-132,389557
16257,568359	-138,212112
16262,951660	-149,363876
16268,334961	-143,482529
16273,718262	-129,993607
16279,101562	-129,075027
16284,484863	-137,993500
16289,868164	-149,744492
16295,251465	-137,807144
16300,634766	-132,197220
16306,018066	-137,237198
16311,401367	-154,447739
16316,784668	-149,283035
16322,167969	-137,341782
16327,551270	-136,197418
16332,934570	-144,140350
16338,317871	-164,998657
16343,701172	-158,898071
16349,084473	-156,041885
16354,467773	-165,147354
16359,851074	-170,162720
16365,234375	-169,383331
16370,617676	-157,423523
16376,000977	-160,339615
16381,384277	-159,862167
16386,767578	-162,727737
16392,150879	-161,826691
16397,534180	-163,250381
16402,917480	-160,817886
16408,300781	-160,368210
16413,684082	-153,511002
16419,067383	-156,098923
16424,450684	-158,430038
16429,833984	-163,425446
16435,217285	-185,008667
16440,600586	-147,550812
16445,983887	-143,059113
16451,367188	-148,550262
16456,750488	-155,613251
16462,133789	-148,645355
16467,517090	-148,973328
16472,900391	-149,572083
16478,283691	-151,771133
16483,666992	-151,686844
16489,050293	-146,334457
16494,433594	-145,244385
16499,816895	-143,126358
16505,200195	-126,793556
16510,583496	-115,542328
16515,966797	-117,074814
16521,350098	-132,172165
16526,733398	-152,708450
16532,116699	-146,477325
16537,500000	-145,114532
16542,883301	-150,336670
16548,266602	-152,233810
16553,649902	-136,092651
16559,033203	-120,999840
16564,416504	-119,510201
16569,799805	-131,024780
16575,183105	-143,970276
16580,566406	-153,266937
16585,949707	-146,195282
16591,333008	-149,514404
16596,716309	-154,120544
16602,099609	-154,853531
16607,482910	-155,304489
16612,866211	-158,017349
16618,249512	-156,627014
16623,632812	-167,741013
16629,016113	-147,609406
16634,399414	-149,883865
16639,782715	-164,394440
16645,166016	-172,641205
16650,549316	-164,419678
16655,932617	-171,647430
16661,315918	-161,568268
16666,699219	-166,602386
16672,082520	-160,822235
16677,465820	-163,196609
16682,849121	-157,235138
16688,232422	-159,011581
16693,615723	-162,329407
16698,999023	-159,639908
16704,382324	-165,008881
16709,765625	-169,533646
16715,148926	-164,155670
16720,532227	-168,877563
16725,915527	-159,929718
16731,298828	-157,844589
16736,682129	-159,966476
16742,065430	-149,542236
16747,448730	-144,594360
16752,832031	-144,801926
16758,215332	-149,266327
16763,598633	-155,203888
16768,981934	-128,294342
16774,365234	-123,055267
16779,748535	-128,988327
16785,131836	-142,528290
16790,515137	-131,468323
16795,898438	-122,711815
16801,281738	-123,720886
16806,665039	-137,838211
16812,048340	-143,567810
16817,431641	-137,676102
16822,814941	-130,939407
16828,198242	-137,410049
16833,581543	-153,623810
16838,964844	-145,140274
16844,348145	-125,902611
16849,731445	-122,638107
16855,114746	-132,348602
16860,498047	-145,770645
16865,881348	-154,559464
16871,264648	-145,308304
16876,647949	-145,427383
16882,031250	-157,926697
16887,414551	-170,912979
16892,797852	-148,879791
16898,181152	-143,630051
16903,564453	-147,490829
16908,947754	-160,371719
16914,331055	-165,265259
16919,714355	-157,223511
16925,097656	-154,094513
16930,480957	-157,365509
16935,864258	-174,643707
16941,247559	-166,778702
16946,630859	-159,999054
16952,014160	-165,407028
16957,397461	-169,525726
16962,780762	-160,767090
16968,164062	-166,760742
16973,547363	-155,629181
16978,930664	-166,110962
16984,313965	-160,522797
16989,697266	-150,382919
16995,080566	-154,453506
17000,463867	-147,149673
17005,847168	-132,988251
17011,230469	-131,379044
17016,613770	-139,024902
17021,997070	-154,151962
17027,380371	-155,500137
17032,763672	-148,659012
17038,146973	-165,470917
17043,530273	-156,718384
17048,913574	-150,919632
17054,296875	-135,447174
17059,680176	-129,911362
17065,063477	-137,590790
17070,446777	-156,285156
17075,830078	-158,379120
17081,213379	-149,648483
17086,596680	-152,442001
17091,979980	-156,769821
17097,363281	-152,653549
17102,746582	-129,983566
17108,129883	-122,453194
17113,513184	-127,421539
17118,896484	-150,038376
17124,279785	-145,554260
17129,663086	-132,180878
17135,046387	-128,252777
17140,429688	-136,743042
17145,812988	-148,359802
17151,196289	-156,007965
17156,579590	-156,313812
17161,962891	-153,817520
17167,346191	-155,312332
17172,729492	-153,230621
17178,112793	-157,166260
17183,496094	-172,222061
17188,879395	-164,358673
17194,262695	-159,846344
17199,645996	-158,898651
17205,029297	-162,321640
17210,412598	-177,709641
17215,795898	-161,893326
17221,179199	-160,304230
17226,562500	-162,117279
17231,945801	-161,156479
17237,329102	-164,279633
17242,712402	-164,187805
17248,095703	-164,173904
17253,479004	-168,421005
17258,862305	-160,031067
17264,245605	-155,508926
17269,628906	-159,343231
17275,012207	-159,684219
17280,395508	-156,987579
17285,778809	-154,633652
17291,162109	-151,571808
17296,545410	-149,968033
17301,928711	-162,735916
17307,312012	-149,516373
17312,695312	-136,374908
17318,078613	-127,698112
17323,461914	-131,496353
17328,845215	-145,421219
17334,228516	-152,102615
17339,611816	-126,810371
17344,995117	-121,781082
17350,378418	-128,753296
17355,761719	-151,763840
17361,145020	-157,868301
17366,528320	-145,868683
17371,911621	-145,712799
17377,294922	-151,853531
17382,678223	-157,535645
17388,061523	-130,414948
17393,444824	-122,537598
17398,828125	-126,955894
17404,211426	-145,132538
17409,594727	-142,458847
17414,978027	-136,777954
17420,361328	-141,794189
17425,744629	-153,637314
17431,127930	-151,797562
17436,511230	-148,824738
17441,894531	-143,995117
17447,277832	-146,009766
17452,661133	-156,601303
17458,044434	-149,416748
17463,427734	-150,391449
17468,811035	-160,318970
17474,194336	-164,110809
17479,577637	-167,665085
17484,960938	-175,053787
17490,344238	-174,523788
17495,727539	-159,830078
17501,110840	-158,932587
17506,494141	-163,123093
17511,877441	-166,067749
17517,260742	-166,801941
17522,644043	-164,798447
17528,027344	-153,104370
17533,410645	-150,247452
17538,793945	-150,248581
17544,177246	-164,348129
17549,560547	-146,568298
17554,943848	-139,285385
17560,327148	-141,307617
17565,710449	-150,823486
17571,093750	-155,605225
17576,477051	-141,570160
17581,860352	-138,725708
17587,243652	-141,157166
17592,626953	-149,081528
17598,010254	-132,565384
17603,393555	-122,762711
17608,776855	-125,726738
17614,160156	-143,441238
17619,543457	-152,885468
17624,926758	-137,215912
17630,310059	-130,682922
17635,693359	-135,504013
17641,076660	-142,418976
17646,459961	-135,791748
17651,843262	-122,842995
17657,226562	-122,138847
17662,609863	-131,559708
17667,993164	-150,974045
17673,376465	-150,250641
17678,759766	-143,260941
17684,143066	-146,616745
17689,526367	-156,530304
17694,909668	-169,986420
17700,292969	-147,360626
17705,676270	-145,434433
17711,059570	-155,109879
17716,442871	-157,671494
17721,826172	-153,476791
17727,209473	-152,448212
17732,592773	-159,626038
17737,976074	-158,243439
17743,359375	-164,015152
17748,742676	-158,571915
17754,125977	-160,432114
17759,509277	-159,179352
17764,892578	-156,840256
17770,275879	-157,109589
17775,659180	-157,870941
17781,042480	-162,260773
17786,425781	-171,762955
17791,809082	-168,458588
17797,192383	-164,748917
17802,575684	-158,638535
17807,958984	-162,711243
17813,342285	-171,795517
17818,725586	-158,689377
17824,108887	-152,432251
17829,492188	-162,594925
17834,875488	-151,005341
17840,258789	-143,564133
17845,642090	-146,529633
17851,025391	-148,425995
17856,408691	-151,320480
17861,791992	-147,931320
17867,175293	-144,079971
17872,558594	-146,732498
17877,941895	-140,153809
17883,325195	-126,969772
17888,708496	-115,460426
17894,091797	-116,849815
17899,475098	-131,529892
17904,858398	-165,039093
17910,241699	-144,849518
17915,625000	-142,590714
17921,008301	-154,833298
17926,391602	-163,639771
17931,774902	-139,609253
17937,158203	-126,022652
17942,541504	-124,899361
17947,924805	-136,764038
17953,308105	-151,555939
17958,691406	-162,664703
17964,074707	-158,139282
17969,458008	-159,033981
17974,841309	-158,427826
17980,224609	-155,826950
17985,607910	-148,735809
17990,991211	-145,548248
17996,374512	-153,807007
18001,757812	-159,272751
18007,141113	-158,556854
18012,524414	-161,827301
18017,907715	-160,211960
18023,291016	-156,553787
18028,674316	-153,501984
18034,057617	-156,504837
18039,440918	-162,359558
18044,824219	-157,847427
18050,207520	-173,404358
18055,590820	-160,298676
18060,974121	-165,139908
18066,357422	-158,957932
18071,740723	-158,127289
18077,124023	-156,241257
18082,507324	-151,442780
18087,890625	-154,685532
18093,273926	-163,873169
18098,657227	-158,560059
18104,040527	-152,740189
18109,423828	-156,264969
18114,807129	-159,128571
18120,190430	-151,710770
18125,573730	-145,290207
18130,957031	-149,075882
18136,340332	-160,215179
18141,723633	-151,319153
18147,106934	-134,540710
18152,490234	-129,830734
18157,873535	-136,740738
18163,256836	-153,757248
18168,640137	-139,557892
18174,023438	-131,163773
18179,406738	-132,004547
18184,790039	-145,589172
18190,173340	-150,766037
18195,556641	-148,952072
18200,939941	-143,502396
18206,323242	-148,138885
18211,706543	-157,222107
18217,089844	-149,460831
18222,473145	-132,580185
18227,856445	-129,394913
18233,239746	-138,936676
18238,623047	-150,990585
18244,006348	-144,635330
18249,389648	-141,061981
18254,772949	-141,445435
18260,156250	-150,972870
18265,539551	-155,257477
18270,922852	-151,532669
18276,306152	-149,179169
18281,689453	-152,330124
18287,072754	-160,175339
18292,456055	-146,688965
18297,839355	-150,594131
18303,222656	-159,184830
18308,605957	-159,810867
18313,989258	-156,153854
18319,372559	-161,045578
18324,755859	-164,217224
18330,139160	-166,103073
18335,522461	-158,801025
18340,905762	-160,827301
18346,289062	-162,615845
18351,672363	-159,852631
18357,055664	-158,853195
18362,438965	-149,094772
18367,822266	-142,889450
18373,205566	-145,095306
18378,588867	-148,834335
18383,972168	-136,780350
18389,355469	-134,909714
18394,738770	-143,611984
18400,122070	-154,409042
18405,505371	-156,019470
18410,888672	-149,403671
18416,271973	-143,415573
18421,655273	-152,279160
18427,038574	-147,213791
18432,421875	-129,757248
18437,805176	-124,739769
18443,188477	-132,801712
18448,571777	-153,218674
18453,955078	-148,068054
18459,338379	-148,784775
18464,721680	-147,002792
18470,104980	-142,647873
18475,488281	-138,810165
18480,871582	-119,134689
18486,254883	-112,219513
18491,638184	-117,145103
18497,021484	-143,600708
18502,404785	-148,030075
18507,788086	-131,436783
18513,171387	-129,111542
18518,554688	-136,767700
18523,937988	-147,358536
18529,321289	-150,358124
18534,704590	-159,725327
18540,087891	-155,760269
18545,471191	-156,177643
18550,854492	-160,880920
18556,237793	-155,788361
18561,621094	-155,496017
18567,004395	-163,603027
18572,387695	-168,634445
18577,770996	-156,523804
18583,154297	-159,851791
18588,537598	-162,678131
18593,920898	-169,699539
18599,304199	-161,063019
18604,687500	-166,623306
18610,070801	-165,247849
18615,454102	-159,245300
18620,837402	-159,543762
18626,220703	-165,675903
18631,604004	-160,180206
18636,987305	-156,099396
18642,370605	-154,743668
18647,753906	-157,881302
18653,137207	-159,937515
18658,520508	-158,506088
18663,903809	-155,771210
18669,287109	-164,784866
18674,670410	-159,065445
18680,053711	-150,151703
18685,437012	-147,875046
18690,820312	-143,030121
18696,203613	-136,717575
18701,586914	-137,001175
18706,970215	-149,364914
18712,353516	-144,685120
18717,736816	-119,221443
18723,120117	-114,717560
18728,503418	-122,059395
18733,886719	-142,986359
18739,270020	-145,440582
18744,653320	-144,325500
18750,036621	-143,269226
18755,419922	-150,115982
18760,803223	-162,070084
18766,186523	-143,012711
18771,569824	-135,565430
18776,953125	-144,230042
18782,336426	-148,608429
18787,719727	-153,524231
18793,103027	-144,751068
18798,486328	-140,574768
18803,869629	-149,352448
18809,252930	-158,239227
18814,636230	-143,982803
18820,019531	-136,576599
18825,402832	-137,820724
18830,786133	-148,821121
18836,169434	-161,363647
18841,552734	-151,831360
18846,936035	-163,917664
18852,319336	-166,422409
18857,702637	-163,719131
18863,085938	-157,867493
18868,469238	-153,659286
18873,852539	-154,016357
18879,235840	-163,605148
18884,619141	-167,307373
18890,002441	-158,335312
18895,385742	-157,488556
18900,769043	-159,014908
18906,152344	-157,308731
18911,535645	-154,702103
18916,918945	-166,743652
18922,302246	-152,586258
18927,685547	-141,460938
18933,068848	-134,643402
18938,452148	-136,743988
18943,835449	-143,304901
18949,218750	-148,710114
18954,602051	-146,552399
18959,985352	-141,320709
18965,368652	-148,861755
18970,751953	-145,714417
18976,135254	-137,813858
18981,518555	-128,048477
18986,901855	-131,355408
18992,285156	-150,897522
18997,668457	-166,184158
19003,051758	-134,485779
19008,435059	-128,959320
19013,818359	-136,021851
19019,201660	-164,802063
19024,584961	-146,463394
19029,968262	-135,047684
19035,351562	-135,380859
19040,734863	-146,335052
19046,118164	-155,598343
19051,501465	-137,891068
19056,884766	-131,683716
19062,268066	-136,081680
19067,651367	-159,132416
19073,034668	-149,783539
19078,417969	-137,846436
19083,801270	-136,563812
19089,184570	-144,202957
19094,567871	-157,288376
19099,951172	-153,173813
19105,334473	-154,716034
19110,717773	-157,023651
19116,101074	-158,020996
19121,484375	-160,725281
19126,867676	-163,814438
19132,250977	-157,377899
19137,634277	-155,456635
19143,017578	-157,563431
19148,400879	-170,153931
19153,784180	-157,222107
19159,167480	-158,388855
19164,550781	-155,614349
19169,934082	-152,035568
19175,317383	-153,664276
19180,700684	-155,801712
19186,083984	-164,955948
19191,467285	-165,851944
19196,850586	-155,591171
19202,233887	-148,353714
19207,617188	-151,952515
19213,000488	-150,582184
19218,383789	-141,089203
19223,767090	-142,110474
19229,150391	-148,516754
19234,533691	-163,286728
19239,916992	-146,035950
19245,300293	-148,088516
19250,683594	-155,849106
19256,066895	-140,295593
19261,450195	-129,895386
19266,833496	-118,087555
19272,216797	-119,586639
19277,600098	-135,447342
19282,983398	-153,422455
19288,366699	-156,139297
19293,750000	-143,795486
19299,133301	-147,384415
19304,516602	-151,324158
19309,899902	-140,400085
19315,283203	-125,198349
19320,666504	-123,717384
19326,049805	-135,565430
19331,433105	-143,337463
19336,816406	-147,452087
19342,199707	-161,438431
19347,583008	-149,679214
19352,966309	-162,790421
19358,349609	-146,984543
19363,732910	-142,172440
19369,116211	-141,953583
19374,499512	-151,450562
19379,882812	-154,539032
19385,266113	-155,445602
19390,649414	-155,153824
19396,032715	-168,792038
19401,416016	-162,499298
19406,799316	-179,647842
19412,182617	-164,637238
19417,565918	-172,561508
19422,949219	-175,249573
19428,332520	-167,992233
19433,715820	-161,134247
19439,099121	-163,448578
19444,482422	-172,961655
19449,865723	-164,764282
19455,249023	-159,225006
19460,632324	-161,595901
19466,015625	-163,730316
19471,398926	-164,817780
19476,782227	-163,551147
19482,165527	-152,012650
19487,548828	-154,368607
19492,932129	-161,738586
19498,315430	-151,465851
19503,698730	-143,441727
19509,082031	-146,331848
19514,465332	-155,030228
19519,848633	-150,624359
19525,231934	-128,525635
19530,615234	-123,414818
19535,998535	-129,301117
19541,381836	-153,726959
19546,765137	-133,812241
19552,148438	-124,507751
19557,531738	-125,308899
19562,915039	-139,956696
19568,298340	-146,842209
19573,681641	-133,659286
19579,064941	-127,160698
19584,448242	-133,053009
19589,831543	-155,152893
19595,214844	-145,070450
19600,598145	-125,086418
19605,981445	-121,891678
19611,364746	-131,001038
19616,748047	-147,091934
19622,131348	-140,314590
19627,514648	-138,962692
19632,897949	-142,525162
19638,281250	-152,635391
19643,664551	-157,938492
19649,047852	-149,143936
19654,431152	-146,906128
19659,814453	-150,436111
19665,197754	-154,062180
19670,581055	-160,291351
19675,964355	-158,780228
19681,347656	-174,450119
19686,730957	-163,287247
19692,114258	-163,885300
19697,497559	-164,545639
19702,880859	-162,145401
19708,264160	-158,539459
19713,647461	-148,606033
19719,030762	-150,354843
19724,414062	-163,575638
19729,797363	-161,071014
19735,180664	-161,272690
19740,563965	-158,099701
19745,947266	-153,966263
19751,330566	-158,177567
19756,713867	-150,401794
19762,097168	-134,301178
19767,480469	-132,232666
19772,863770	-139,684372
19778,247070	-145,645828
19783,630371	-146,825195
19789,013672	-136,196594
19794,396973	-137,676788
19799,780273	-148,372864
19805,163574	-149,100174
19810,546875	-129,539886
19815,930176	-125,099594
19821,313477	-133,439896
19826,696777	-149,412384
19832,080078	-154,133331
19837,463379	-148,144531
19842,846680	-147,707138
19848,229980	-151,780319
19853,613281	-155,340637
19858,996582	-136,032669
19864,379883	-128,667023
19869,763184	-132,188843
19875,146484	-154,717438
19880,529785	-149,300751
19885,913086	-138,063004
19891,296387	-135,313461
19896,679688	-144,755280
19902,062988	-151,813095
19907,446289	-158,401169
19912,829590	-148,190308
19918,212891	-146,552139
19923,596191	-152,287857
19928,979492	-154,518326
19934,362793	-164,699341
19939,746094	-164,501846
19945,129395	-155,818436
19950,512695	-160,749222
19955,895996	-162,391785
19961,279297	-162,795715
19966,662598	-172,558853
19972,045898	-171,435974
19977,429199	-180,353653
19982,812500	-175,528229
19988,195801	-168,283600
19993,579102	-166,048294
19998,962402	-168,331955
20004,345703	-169,128006
20009,729004	-162,116562
20015,112305	-161,788086
20020,495605	-167,260315
20025,878906	-153,291336
20031,262207	-148,065079
20036,645508	-150,894897
20042,028809	-150,971176
20047,412109	-154,026047
20052,795410	-151,736816
20058,178711	-150,690018
20063,562012	-145,586884
20068,945312	-142,051666
20074,328613	-132,985046
20079,711914	-137,445648
20085,095215	-145,564209
20090,478516	-147,200012
20095,861816	-124,149353
20101,245117	-119,643616
20106,628418	-127,346321
20112,011719	-148,246368
20117,395020	-146,752884
20122,778320	-148,859909
20128,161621	-148,809143
20133,544922	-152,587173
20138,928223	-142,713364
20144,311523	-127,848900
20149,694824	-119,597305
20155,078125	-123,600174
20160,461426	-140,898590
20165,844727	-147,306046
20171,228027	-141,927048
20176,611328	-139,231781
20181,994629	-147,821915
20187,377930	-155,035049
20192,761230	-144,161667
20198,144531	-137,250488
20203,527832	-138,828598
20208,911133	-157,437286
20214,294434	-145,626480
20219,677734	-148,857712
20225,061035	-159,076889
20230,444336	-169,145676
20235,827637	-165,710983
20241,210938	-163,324219
20246,594238	-163,713593
20251,977539	-162,736877
20257,360840	-156,841125
20262,744141	-156,562027
20268,127441	-159,542709
20273,510742	-164,377579
20278,894043	-162,089035
20284,277344	-156,505875
20289,660645	-149,451813
20295,043945	-147,282043
20300,427246	-161,258957
20305,810547	-146,170929
20311,193848	-140,306458
20316,577148	-142,048386
20321,960449	-145,736191
20327,343750	-150,503128
20332,727051	-149,898987
20338,110352	-146,252197
20343,493652	-156,026428
20348,876953	-146,165848
20354,260254	-138,509766
20359,643555	-127,802101
20365,026855	-130,980988
20370,410156	-145,315170
20375,793457	-153,014008
20381,176758	-128,645660
20386,560059	-123,106636
20391,943359	-130,436600
20397,326660	-156,271255
20402,709961	-147,240341
20408,093262	-134,802673
20413,476562	-134,680527
20418,859863	-144,489105
20424,243164	-153,296524
20429,626465	-134,747635
20435,009766	-128,420425
20440,393066	-133,332993
20445,776367	-157,451736
20451,159668	-147,126923
20456,542969	-138,475418
20461,926270	-137,849030
20467,309570	-146,228134
20472,692871	-163,797455
20478,076172	-157,379822
20483,459473	-152,843781
20488,842773	-157,934509
20494,226074	-161,018280
20499,609375	-156,843262
20504,992676	-164,669495
20510,375977	-164,279099
20515,759277	-172,127350
20521,142578	-160,588364
20526,525879	-161,190613
20531,909180	-163,191391
20537,292480	-174,010056
20542,675781	-155,461411
20548,059082	-152,915329
20553,442383	-157,713440
20558,825684	-160,681030
20564,208984	-162,815948
20569,592285	-162,195129
20574,975586	-163,188400
20580,358887	-152,795349
20585,742188	-153,341019
20591,125488	-147,182220
20596,508789	-140,929474
20601,892090	-143,724945
20607,275391	-152,393112
20612,658691	-153,136490
20618,041992	-149,283676
20623,425293	-145,380280
20628,808594	-147,329407
20634,191895	-146,626846
20639,575195	-130,775879
20644,958496	-119,961731
20650,341797	-121,640862
20655,725098	-135,878418
20661,108398	-155,132294
20666,491699	-146,441223
20671,875000	-144,023590
20677,258301	-147,242188
20682,641602	-154,858765
20688,024902	-150,988281
20693,408203	-138,560242
20698,791504	-135,351700
20704,174805	-142,736816
20709,558105	-152,111313
20714,941406	-149,983368
20720,324707	-149,211349
20725,708008	-148,257507
20731,091309	-156,495270
20736,474609	-150,128922
20741,857910	-146,363510
20747,241211	-143,629044
20752,624512	-147,847855
20758,007812	-148,721298
20763,391113	-143,089233
20768,774414	-145,229156
20774,157715	-155,487396
20779,541016	-155,442184
20784,924316	-153,558456
20790,307617	-154,963943
20795,690918	-160,370667
20801,074219	-158,002640
20806,457520	-159,375275
20811,840820	-157,326721
20817,224121	-161,893951
20822,607422	-154,759766
20827,990723	-158,810928
20833,374023	-167,897385
20838,757324	-163,044495
20844,140625	-162,123672
20849,523926	-157,909302
20854,907227	-155,773117
20860,290527	-159,052216
20865,673828	-170,380798
20871,057129	-157,061447
20876,440430	-143,111542
20881,823730	-135,757889
20887,207031	-137,180542
20892,590332	-144,830109
20897,973633	-154,781403
20903,356934	-131,974304
20908,740234	-127,048416
20914,123535	-132,589066
20919,506836	-146,671875
20924,890137	-144,719833
20930,273438	-135,863892
20935,656738	-135,087189
20941,040039	-145,134995
20946,423340	-154,154388
20951,806641	-143,565140
20957,189941	-134,680527
20962,573242	-139,761887
20967,956543	-152,429153
20973,339844	-144,592453
20978,723145	-126,942474
20984,106445	-123,837486
20989,489746	-132,752869
20994,873047	-149,355560
21000,256348	-146,345566
21005,639648	-150,178513
21011,022949	-153,425568
21016,406250	-158,267349
21021,789551	-154,848312
21027,172852	-152,182053
21032,556152	-149,824677
21037,939453	-148,682693
21043,322754	-148,547775
21048,706055	-145,357376
21054,089355	-148,660736
21059,472656	-158,271133
21064,855957	-181,689041
21070,239258	-176,946869
21075,622559	-166,868530
21081,005859	-171,992554
21086,389160	-176,523682
21091,772461	-157,736908
21097,155762	-161,564590
21102,539062	-163,544815
21107,922363	-163,877136
21113,305664	-171,209351
21118,688965	-161,366684
21124,072266	-164,176926
21129,455566	-160,615005
21134,838867	-150,512314
21140,222168	-133,968216
21145,605469	-132,328568
21150,988770	-139,765167
21156,372070	-149,432709
21161,755371	-155,939682
21167,138672	-142,078720
21172,521973	-142,423935
21177,905273	-164,672791
21183,288574	-152,311050
21188,671875	-129,597656
21194,055176	-125,279076
21199,438477	-133,250565
21204,821777	-154,872940
21210,205078	-145,469406
21215,588379	-140,068344
21220,971680	-142,513962
21226,354980	-148,980240
21231,738281	-151,724731
21237,121582	-124,971069
21242,504883	-117,529167
21247,888184	-122,244614
21253,271484	-149,847565
21258,654785	-147,992584
21264,038086	-138,881622
21269,421387	-134,468536
21274,804688	-146,695648
21280,187988	-146,413025
21285,571289	-154,796555
21290,954590	-156,139297
21296,337891	-152,455765
21301,721191	-152,870026
21307,104492	-151,557602
21312,487793	-153,250565
21317,871094	-162,370071
21323,254395	-160,566849
21328,637695	-157,733154
21334,020996	-157,070374
21339,404297	-169,951355
21344,787598	-162,934662
21350,170898	-168,006973
21355,554199	-160,523911
21360,937500	-155,788528
21366,320801	-154,771820
21371,704102	-162,894379
21377,087402	-159,768082
21382,470703	-159,102585
21387,854004	-157,588242
21393,237305	-158,458923
21398,620605	-165,196121
21404,003906	-161,986862
21409,387207	-166,502579
21414,770508	-157,745483
21420,153809	-163,147110
21425,537109	-149,484818
21430,920410	-157,388290
21436,303711	-148,480789
21441,687012	-146,358582
21447,070312	-133,219193
21452,453613	-124,567368
21457,836914	-128,291092
21463,220215	-142,196075
21468,603516	-154,379272
21473,986816	-127,779640
21479,370117	-123,456268
21484,753418	-131,150070
21490,136719	-152,854355
21495,520020	-149,703781
21500,903320	-143,351288
21506,286621	-143,985809
21511,669922	-151,831360
21517,053223	-146,504898
21522,436523	-126,893166
21527,819824	-118,860168
21533,203125	-123,301529
21538,586426	-143,756668
21543,969727	-141,307907
21549,353027	-136,451065
21554,736328	-141,171265
21560,119629	-148,765015
21565,502930	-155,675034
21570,886230	-139,982941
21576,269531	-133,070221
21581,652832	-133,903336
21587,036133	-145,770264
21592,419434	-150,497025
21597,802734	-149,718094
21603,186035	-155,924927
21608,569336	-158,232452
21613,952637	-161,588104
21619,335938	-159,880753
21624,719238	-158,530487
21630,102539	-158,554901
21635,485840	-161,925522
21640,869141	-169,932465
21646,252441	-162,652435
21651,635742	-165,782532
21657,019043	-154,963852
21662,402344	-162,563217
21667,785645	-154,991959
21673,168945	-154,623871
21678,552246	-152,599014
21683,935547	-160,611801
21689,318848	-153,266937
21694,702148	-149,936920
21700,085449	-153,820877
21705,468750	-149,958588
21710,852051	-139,573212
21716,235352	-137,481476
21721,618652	-149,261398
21727,001953	-144,178207
21732,385254	-135,719818
21737,768555	-125,524597
21743,151855	-128,623764
21748,535156	-145,869919
21753,918457	-161,766815
21759,301758	-137,182983
21764,685059	-131,872482
21770,068359	-139,286636
21775,451660	-155,476242
21780,834961	-147,836655
21786,218262	-135,632614
21791,601562	-136,030060
21796,984863	-144,270569
21802,368164	-149,234528
21807,751465	-131,967224
21813,134766	-126,090027
21818,518066	-131,153214
21823,901367	-154,177856
21829,284668	-145,360565
21834,667969	-138,402847
21840,051270	-137,838730
21845,434570	-146,198029
21850,817871	-153,997635
21856,201172	-154,511765
21861,584473	-158,134140
21866,967773	-155,979431
21872,351074	-160,826859
21877,734375	-160,751312
21883,117676	-157,607910
21888,500977	-161,755447
21893,884277	-169,379120
21899,267578	-170,172272
21904,650879	-175,249573
21910,034180	-178,200516
21915,417480	-172,915329
21920,800781	-168,605530
21926,184082	-172,443665
21931,567383	-155,601303
21936,950684	-158,859192
21942,333984	-160,950027
21947,717285	-162,130829
21953,100586	-165,144867
21958,483887	-171,471771
21963,867188	-166,755844
21969,250488	-174,596344
21974,633789	-162,930328
21980,017090	-158,270737
21985,400391	-150,262070
21990,783691	-149,405396
21996,166992	-148,290726
22001,550293	-149,096298
22006,933594	-149,371033
22012,316895	-143,992661
22017,700195	-132,725845
22023,083496	-120,937309
22028,466797	-122,218544
22033,850098	-136,545380
22039,233398	-164,377991
22044,616699	-155,248199
