Fréquence (Hz)	Niveau (dB)
5,383301	-46,798939
10,766602	-51,252098
16,149902	-52,446793
21,533203	-48,716656
26,916504	-48,442677
32,299805	-49,380527
37,683105	-45,117367
43,066406	-42,210567
48,449707	-46,372242
53,833008	-55,487900
59,216309	-50,924381
64,599609	-46,186970
69,982910	-51,332554
75,366211	-58,084827
80,749512	-47,711304
86,132812	-41,420822
91,516113	-49,350639
96,899414	-56,006420
102,282715	-56,108185
107,666016	-57,402332
113,049316	-54,044621
118,432617	-51,337643
123,815918	-49,232674
129,199219	-41,537659
134,582520	-45,120537
139,965820	-51,998096
145,349121	-55,592979
150,732422	-58,250515
156,115723	-59,549664
161,499023	-57,183704
166,882324	-48,556797
172,265625	-45,372700
177,648926	-50,137981
183,032227	-57,087368
188,415527	-54,859993
193,798828	-54,807293
199,182129	-53,394249
204,565430	-51,150097
209,948730	-52,759544
215,332031	-54,103333
220,715332	-55,171597
226,098633	-53,932682
231,481934	-52,682438
236,865234	-49,825565
242,248535	-55,456425
247,631836	-58,873489
253,015137	-60,467140
258,398438	-57,995888
263,781738	-53,894352
269,165039	-57,083782
274,548340	-47,364796
279,931641	-47,007328
285,314941	-54,155552
290,698242	-55,035217
296,081543	-56,904915
301,464844	-60,148464
306,848145	-60,443405
312,231445	-62,119938
317,614746	-65,340485
322,998047	-59,556561
328,381348	-52,422962
333,764648	-47,991806
339,147949	-44,227684
344,531250	-44,435108
349,914551	-51,190865
355,297852	-51,481937
360,681152	-49,892136
366,064453	-49,340878
371,447754	-50,469990
376,831055	-48,626659
382,214355	-49,011524
387,597656	-51,351166
392,980957	-48,447193
398,364258	-52,777412
403,747559	-26,497379
409,130859	-18,204361
414,514160	-21,567114
419,897461	-36,894638
425,280762	-43,814480
430,664062	-50,086750
436,047363	-49,674236
441,430664	-54,669876
446,813965	-59,073349
452,197266	-55,049305
457,580566	-57,992809
462,963867	-58,738007
468,347168	-53,154011
473,730469	-53,439384
479,113770	-53,983009
484,497070	-55,690140
489,880371	-55,494854
495,263672	-55,497845
500,646973	-53,970818
506,030273	-51,634472
511,413574	-53,460716
516,796875	-54,581665
522,180176	-55,140099
527,563477	-54,040218
532,946777	-54,224644
538,330078	-57,323845
543,713379	-60,430412
549,096680	-52,627457
554,479980	-48,537479
559,863281	-53,612869
565,246582	-55,016582
570,629883	-58,825047
576,013184	-54,935959
581,396484	-54,424702
586,779785	-60,214310
592,163086	-59,373661
597,546387	-59,264572
602,929688	-55,670204
608,312988	-50,944691
613,696289	-49,967697
619,079590	-51,781155
624,462891	-50,140388
629,846191	-50,016708
635,229492	-57,644821
640,612793	-55,706444
645,996094	-52,211773
651,379395	-54,685543
656,762695	-55,268406
662,145996	-50,198353
667,529297	-51,958042
672,912598	-45,744061
678,295898	-41,074791
683,679199	-44,871147
689,062500	-47,668087
694,445801	-47,560780
699,829102	-45,116280
705,212402	-45,743252
710,595703	-54,967857
715,979004	-55,803562
721,362305	-56,390144
726,745605	-56,041832
732,128906	-56,599838
737,512207	-57,357750
742,895508	-58,437710
748,278809	-52,303661
753,662109	-50,705448
759,045410	-55,343983
764,428711	-54,677319
769,812012	-51,772114
775,195312	-52,001991
780,578613	-48,826981
785,961914	-48,957527
791,345215	-50,217491
796,728516	-50,564266
802,111816	-45,809204
807,495117	-45,702415
812,878418	-24,417650
818,261719	-13,275465
823,645020	-14,597930
829,028320	-30,388895
834,411621	-41,946178
839,794922	-45,472107
845,178223	-44,575478
850,561523	-48,489334
855,944824	-48,209099
861,328125	-52,982052
866,711426	-54,160984
872,094727	-54,506992
877,478027	-50,583351
882,861328	-53,768101
888,244629	-48,867035
893,627930	-49,650356
899,011230	-56,422310
904,394531	-59,467018
909,777832	-61,418507
915,161133	-66,681442
920,544434	-73,172745
925,927734	-73,580132
931,311035	-71,635399
936,694336	-71,591568
942,077637	-66,836700
947,460938	-61,955513
952,844238	-59,459267
958,227539	-58,682289
963,610840	-59,064209
968,994141	-58,869755
974,377441	-58,615936
979,760742	-58,393616
985,144043	-57,979130
990,527344	-58,206734
995,910645	-57,109684
1001,293945	-52,628765
1006,677246	-46,388084
1012,060547	-49,466312
1017,443848	-54,457283
1022,827148	-52,334320
1028,210449	-53,822411
1033,593750	-62,873959
1038,977051	-57,322643
1044,360352	-51,305569
1049,743652	-51,021912
1055,126953	-56,198315
1060,510254	-60,603065
1065,893555	-58,099262
1071,276855	-59,685726
1076,660156	-62,091042
1082,043457	-58,908421
1087,426758	-58,367611
1092,810059	-61,844189
1098,193359	-58,644505
1103,576660	-62,491993
1108,959961	-67,274681
1114,343262	-57,039371
1119,726562	-53,415886
1125,109863	-55,183456
1130,493164	-60,600964
1135,876465	-59,799221
1141,259766	-59,697060
1146,643066	-57,105320
1152,026367	-60,258865
1157,409668	-68,562164
1162,792969	-58,947472
1168,176270	-51,329361
1173,559570	-48,968128
1178,942871	-54,973385
1184,326172	-57,032070
1189,709473	-53,299583
1195,092773	-49,883244
1200,476074	-49,171055
1205,859375	-49,357479
1211,242676	-49,271095
1216,625977	-46,615818
1222,009277	-30,776070
1227,392578	-17,224102
1232,775879	-14,882245
1238,159180	-24,161499
1243,542480	-39,490662
1248,925781	-43,050865
1254,309082	-48,590008
1259,692383	-46,304642
1265,075684	-53,708782
1270,458984	-55,583420
1275,842285	-59,020424
1281,225586	-58,852680
1286,608887	-54,390594
1291,992188	-56,211357
1297,375488	-54,372795
1302,758789	-60,494446
1308,142090	-54,421947
1313,525391	-55,796864
1318,908691	-54,009396
1324,291992	-53,425003
1329,675293	-54,255623
1335,058594	-57,002338
1340,441895	-48,374138
1345,825195	-40,507122
1351,208496	-40,771435
1356,591797	-47,083427
1361,975098	-57,884167
1367,358398	-62,242779
1372,741699	-55,536381
1378,125000	-52,087849
1383,508301	-50,818172
1388,891602	-49,772995
1394,274902	-51,359264
1399,658203	-54,079105
1405,041504	-50,428036
1410,424805	-52,724743
1415,808105	-61,044361
1421,191406	-57,267838
1426,574707	-55,878666
1431,958008	-63,944622
1437,341309	-54,820652
1442,724609	-60,712872
1448,107910	-56,383705
1453,491211	-56,065769
1458,874512	-54,095512
1464,257812	-55,063690
1469,641113	-57,822628
1475,024414	-60,363533
1480,407715	-65,246994
1485,791016	-61,195370
1491,174316	-59,389965
1496,557617	-60,991592
1501,940918	-61,651627
1507,324219	-60,982903
1512,707520	-59,472527
1518,090820	-55,367165
1523,474121	-58,115646
1528,857422	-60,031826
1534,240723	-58,706764
1539,624023	-55,810074
1545,007324	-57,943035
1550,390625	-61,652218
1555,773926	-53,657410
1561,157227	-51,442963
1566,540527	-55,867405
1571,923828	-52,820580
1577,307129	-42,009411
1582,690430	-38,693359
1588,073730	-41,928413
1593,457031	-50,775146
1598,840332	-48,801674
1604,223633	-48,525753
1609,606934	-53,674633
1614,990234	-49,031967
1620,373535	-43,638054
1625,756836	-39,529255
1631,140137	-26,656584
1636,523438	-10,265212
1641,906738	-6,947979
1647,290039	-14,797741
1652,673340	-32,268677
1658,056641	-34,529350
1663,439941	-33,658169
1668,823242	-39,477489
1674,206543	-42,379108
1679,589844	-45,206295
1684,973145	-42,786781
1690,356445	-45,011734
1695,739746	-49,480656
1701,123047	-49,649437
1706,506348	-51,217964
1711,889648	-50,318726
1717,272949	-48,979244
1722,656250	-51,743145
1728,039551	-60,155598
1733,422852	-55,723957
1738,806152	-57,342319
1744,189453	-66,792259
1749,572754	-68,121887
1754,956055	-66,557022
1760,339355	-66,048439
1765,722656	-71,480934
1771,105957	-73,507591
1776,489258	-67,619499
1781,872559	-63,990124
1787,255859	-63,327583
1792,639160	-66,890205
1798,022461	-73,951790
1803,405762	-78,159721
1808,789062	-78,216751
1814,172363	-74,519943
1819,555664	-79,378448
1824,938965	-93,269058
1830,322266	-81,192329
1835,705566	-85,828476
1841,088867	-78,003593
1846,472168	-77,401901
1851,855469	-66,240509
1857,238770	-62,430855
1862,622070	-64,599014
1868,005371	-56,830341
1873,388672	-58,958324
1878,771973	-54,331570
1884,155273	-59,036434
1889,538574	-59,038181
1894,921875	-57,137970
1900,305176	-62,368351
1905,688477	-58,704933
1911,071777	-57,887825
1916,455078	-58,967468
1921,838379	-60,561005
1927,221680	-55,110291
1932,604980	-54,402023
1937,988281	-66,975151
1943,371582	-63,182236
1948,754883	-61,836002
1954,138184	-54,933487
1959,521484	-54,356457
1964,904785	-60,909538
1970,288086	-53,940453
1975,671387	-52,903854
1981,054688	-51,712547
1986,437988	-54,878147
1991,821289	-51,606480
1997,204590	-51,988838
2002,587891	-48,707722
2007,971191	-44,041073
2013,354492	-45,776733
2018,737793	-49,766319
2024,121094	-47,239384
2029,504395	-46,136795
2034,887695	-40,284813
2040,270996	-34,414490
2045,654297	-18,287024
2051,037598	-13,517674
2056,420898	-21,617510
2061,804199	-33,082935
2067,187500	-39,745758
2072,570801	-45,417145
2077,954102	-49,229523
2083,337402	-49,303921
2088,720703	-50,995438
2094,104004	-47,158699
2099,487305	-49,541985
2104,870605	-49,314270
2110,253906	-46,737068
2115,637207	-54,694031
2121,020508	-58,115803
2126,403809	-64,387283
2131,787109	-56,481701
2137,170410	-52,530167
2142,553711	-57,769886
2147,937012	-56,660007
2153,320312	-54,783192
2158,703613	-53,750099
2164,086914	-60,061317
2169,470215	-57,913559
2174,853516	-57,334713
2180,236816	-54,424103
2185,620117	-50,698662
2191,003418	-50,937443
2196,386719	-59,385529
2201,770020	-51,100597
2207,153320	-52,277550
2212,536621	-59,433704
2217,919922	-51,034363
2223,303223	-56,024982
2228,686523	-57,548595
2234,069824	-71,837456
2239,453125	-58,161636
2244,836426	-57,314732
2250,219727	-57,010845
2255,603027	-56,362675
2260,986328	-57,643799
2266,369629	-58,209854
2271,752930	-56,715454
2277,136230	-59,144958
2282,519531	-61,725155
2287,902832	-64,888451
2293,286133	-66,281837
2298,669434	-62,312130
2304,052734	-67,799583
2309,436035	-66,139870
2314,819336	-64,385872
2320,202637	-62,428120
2325,585938	-57,080734
2330,969238	-54,462410
2336,352539	-55,214191
2341,735840	-53,845524
2347,119141	-52,042191
2352,502441	-53,182503
2357,885742	-55,427120
2363,269043	-59,562714
2368,652344	-55,386456
2374,035645	-50,295612
2379,418945	-50,820694
2384,802246	-47,771000
2390,185547	-43,784374
2395,568848	-50,264973
2400,952148	-49,933563
2406,335449	-50,090656
2411,718750	-50,860550
2417,102051	-54,379066
2422,485352	-52,706169
2427,868652	-50,842896
2433,251953	-44,327492
2438,635254	-40,694366
2444,018555	-36,688770
2449,401855	-31,310091
2454,785156	-14,504001
2460,168457	-5,475422
2465,551758	-8,308347
2470,935059	-23,426737
2476,318359	-39,220047
2481,701660	-42,836121
2487,084961	-49,708321
2492,468262	-43,902069
2497,851562	-45,263149
2503,234863	-41,985924
2508,618164	-43,057220
2514,001465	-45,461155
2519,384766	-49,698162
2524,768066	-56,626957
2530,151367	-53,694599
2535,534668	-53,134239
2540,917969	-59,300571
2546,301270	-59,967518
2551,684570	-48,363533
2557,067871	-50,986214
2562,451172	-56,721870
2567,834473	-54,002068
2573,217773	-58,138031
2578,601074	-55,338467
2583,984375	-53,433075
2589,367676	-60,141796
2594,750977	-58,529732
2600,134277	-54,173504
2605,517578	-57,768669
2610,900879	-62,441769
2616,284180	-65,405655
2621,667480	-55,412434
2627,050781	-53,056755
2632,434082	-53,085072
2637,817383	-56,623730
2643,200684	-53,697094
2648,583984	-54,197296
2653,967285	-61,722942
2659,350586	-56,392799
2664,733887	-54,729595
2670,117188	-57,143841
2675,500488	-56,418640
2680,883789	-51,599426
2686,267090	-57,493641
2691,650391	-60,977238
2697,033691	-56,521015
2702,416992	-53,005955
2707,800293	-56,727917
2713,183594	-64,699348
2718,566895	-63,687431
2723,950195	-66,308884
2729,333496	-65,603691
2734,716797	-61,287258
2740,100098	-58,920197
2745,483398	-62,041523
2750,866699	-61,880405
2756,250000	-58,855247
2761,633301	-57,785210
2767,016602	-61,374599
2772,399902	-64,537422
2777,783203	-61,409451
2783,166504	-63,917736
2788,549805	-58,985607
2793,933105	-55,622978
2799,316406	-61,940994
2804,699707	-57,047985
2810,083008	-61,440201
2815,466309	-55,880638
2820,849609	-54,784740
2826,232910	-52,450176
2831,616211	-53,749161
2836,999512	-52,603046
2842,382812	-47,597553
2847,766113	-46,429466
2853,149414	-39,093475
2858,532715	-40,905632
2863,916016	-24,642303
2869,299316	-17,946686
2874,682617	-21,847754
2880,065918	-35,400394
2885,449219	-37,005943
2890,832520	-43,725105
2896,215820	-45,677589
2901,599121	-48,101604
2906,982422	-47,751423
2912,365723	-53,330982
2917,749023	-58,814266
2923,132324	-52,044117
2928,515625	-50,834675
2933,898926	-61,868130
2939,282227	-55,384754
2944,665527	-57,663860
2950,048828	-51,891998
2955,432129	-58,273670
2960,815430	-56,581055
2966,198730	-53,151588
2971,582031	-58,078484
2976,965332	-63,045097
2982,348633	-62,648994
2987,731934	-62,439877
2993,115234	-65,872131
2998,498535	-67,091469
3003,881836	-64,990845
3009,265137	-65,192421
3014,648438	-58,404797
3020,031738	-55,342415
3025,415039	-55,577560
3030,798340	-51,247513
3036,181641	-50,844620
3041,564941	-62,187508
3046,948242	-59,476936
3052,331543	-63,985771
3057,714844	-56,203976
3063,098145	-58,324177
3068,481445	-60,786274
3073,864746	-62,039970
3079,248047	-57,313129
3084,631348	-56,376106
3090,014648	-59,227818
3095,397949	-64,016617
3100,781250	-68,399300
3106,164551	-65,672707
3111,547852	-64,361534
3116,931152	-63,463005
3122,314453	-58,184059
3127,697754	-59,070969
3133,081055	-64,293442
3138,464355	-64,178871
3143,847656	-59,045536
3149,230957	-59,104141
3154,614258	-63,564224
3159,997559	-59,515514
3165,380859	-60,312477
3170,764160	-63,432541
3176,147461	-62,335087
3181,530762	-65,445915
3186,914062	-58,129829
3192,297363	-57,331654
3197,680664	-59,311562
3203,063965	-56,159958
3208,447266	-52,176846
3213,830566	-52,655891
3219,213867	-51,375271
3224,597168	-51,117687
3229,980469	-53,631199
3235,363770	-51,767509
3240,747070	-56,948265
3246,130371	-51,455414
3251,513672	-50,051014
3256,896973	-39,955700
3262,280273	-33,281071
3267,663574	-33,629292
3273,046875	-25,536903
3278,430176	-14,273362
3283,813477	-14,107924
3289,196777	-26,070822
3294,580078	-41,695377
3299,963379	-42,183117
3305,346680	-41,128262
3310,729980	-45,400604
3316,113281	-44,557514
3321,496582	-43,916576
3326,879883	-57,525841
3332,263184	-49,866940
3337,646484	-49,181957
3343,029785	-47,735161
3348,413086	-48,511333
3353,796387	-52,532574
3359,179688	-56,719719
3364,562988	-60,761448
3369,946289	-57,042480
3375,329590	-56,913647
3380,712891	-54,620472
3386,096191	-54,479736
3391,479492	-59,039371
3396,862793	-63,319439
3402,246094	-62,422718
3407,629395	-65,488365
3413,012695	-66,105873
3418,395996	-66,558189
3423,779297	-62,182636
3429,162598	-68,513451
3434,545898	-63,251244
3439,929199	-62,638111
3445,312500	-62,676212
3450,695801	-71,133797
3456,079102	-62,798023
3461,462402	-62,767906
3466,845703	-63,752911
3472,229004	-68,405701
3477,612305	-65,583397
3482,995605	-63,613491
3488,378906	-63,250462
3493,762207	-69,089333
3499,145508	-67,604141
3504,528809	-66,299690
3509,912109	-63,935215
3515,295410	-62,039665
3520,678711	-62,735008
3526,062012	-66,207054
3531,445312	-70,655846
3536,828613	-68,235619
3542,211914	-68,911583
3547,595215	-67,277122
3552,978516	-66,560928
3558,361816	-60,675571
3563,745117	-67,868591
3569,128418	-60,751396
3574,511719	-57,690392
3579,895020	-59,824837
3585,278320	-59,678318
3590,661621	-62,733364
3596,044922	-67,413902
3601,428223	-68,603851
3606,811523	-58,411888
3612,194824	-56,427155
3617,578125	-52,845795
3622,961426	-51,836220
3628,344727	-51,938862
3633,728027	-51,737709
3639,111328	-51,417118
3644,494629	-54,255299
3649,877930	-53,799213
3655,261230	-49,998215
3660,644531	-47,893524
3666,027832	-51,110367
3671,411133	-48,524361
3676,794434	-39,082672
3682,177734	-33,651791
3687,561035	-17,268238
3692,944336	-14,444793
3698,327637	-21,460564
3703,710938	-35,131699
3709,094238	-38,883919
3714,477539	-40,579830
3719,860840	-44,009178
3725,244141	-42,825981
3730,627441	-45,795738
3736,010742	-47,233440
3741,394043	-51,408932
3746,777344	-49,199249
3752,160645	-51,876343
3757,543945	-55,720600
3762,927246	-52,696075
3768,310547	-57,836094
3773,693848	-54,163067
3779,077148	-53,416862
3784,460449	-59,582111
3789,843750	-50,691574
3795,227051	-49,674305
3800,610352	-51,123905
3805,993652	-55,912689
3811,376953	-54,418259
3816,760254	-51,581680
3822,143555	-53,019402
3827,526855	-59,589462
3832,910156	-53,924763
3838,293457	-54,720493
3843,676758	-62,516731
3849,060059	-60,134823
3854,443359	-67,844887
3859,826660	-63,674686
3865,209961	-67,541229
3870,593262	-64,336464
3875,976562	-60,030830
3881,359863	-63,136261
3886,743164	-61,166649
3892,126465	-61,815331
3897,509766	-58,839924
3902,893066	-68,640129
3908,276367	-66,124275
3913,659668	-66,196930
3919,042969	-67,738754
3924,426270	-68,250595
3929,809570	-73,449493
3935,192871	-71,771812
3940,576172	-69,465912
3945,959473	-75,235741
3951,342773	-68,877602
3956,726074	-67,010742
3962,109375	-66,202621
3967,492676	-67,965416
3972,875977	-71,940109
3978,259277	-68,870697
3983,642578	-70,201843
3989,025879	-66,372040
3994,409180	-71,453400
3999,792480	-70,049286
4005,175781	-74,122604
4010,559082	-69,740128
4015,942383	-58,491535
4021,325684	-57,141628
4026,708984	-57,637852
4032,092285	-53,719433
4037,475586	-53,271584
4042,858887	-52,282455
4048,242188	-49,974834
4053,625488	-51,807991
4059,008789	-53,159958
4064,392090	-57,008354
4069,775391	-50,538002
4075,158691	-50,974575
4080,541992	-55,230907
4085,925293	-45,855190
4091,308594	-46,959511
4096,691895	-27,747740
4102,075195	-22,475300
4107,458496	-28,866753
4112,841797	-49,789211
4118,225098	-48,915859
4123,608398	-49,190907
4128,991699	-50,775162
4134,375000	-50,796227
4139,758301	-52,322071
4145,141602	-54,161808
4150,524902	-59,373672
4155,908203	-60,158890
4161,291504	-60,740471
4166,674805	-62,297173
4172,058105	-56,251011
4177,441406	-56,594410
4182,824707	-59,658672
4188,208008	-58,993389
4193,591309	-61,633156
4198,974609	-62,868755
4204,357910	-62,642273
4209,741211	-60,450748
4215,124512	-64,829056
4220,507812	-65,621086
4225,891113	-67,377998
4231,274414	-62,374805
4236,657715	-60,659367
4242,041016	-62,191425
4247,424316	-61,987389
4252,807617	-68,963089
4258,190918	-65,497818
4263,574219	-60,984219
4268,957520	-61,143204
4274,340820	-60,718189
4279,724121	-65,578217
4285,107422	-61,723480
4290,490723	-60,138222
4295,874023	-59,348091
4301,257324	-50,746727
4306,640625	-54,162182
4312,023926	-58,296535
4317,407227	-59,826225
4322,790527	-58,909592
4328,173828	-57,574463
4333,557129	-59,054234
4338,940430	-59,979996
4344,323730	-61,141418
4349,707031	-65,719749
4355,090332	-64,920456
4360,473633	-64,437897
4365,856934	-68,143242
4371,240234	-71,099266
4376,623535	-69,866470
4382,006836	-71,181648
4387,390137	-70,685120
4392,773438	-64,867584
4398,156738	-63,271389
4403,540039	-58,700619
4408,923340	-56,844181
4414,306641	-58,870506
4419,689941	-60,669834
4425,073242	-60,403160
4430,456543	-61,965263
4435,839844	-65,352516
4441,223145	-67,577019
4446,606445	-68,283340
4451,989746	-67,697845
4457,373047	-73,222931
4462,756348	-64,875534
4468,139648	-60,257214
4473,522949	-55,164837
4478,906250	-53,614220
4484,289551	-52,713062
4489,672852	-44,675430
4495,056152	-44,050415
4500,439453	-47,362106
4505,822754	-44,900364
4511,206055	-42,697449
4516,589355	-40,589279
4521,972656	-41,409813
4527,355957	-45,777142
4532,739258	-49,677952
4538,122559	-50,439285
4543,505859	-57,036522
4548,889160	-63,571522
4554,272461	-58,068073
4559,655762	-54,110256
4565,039062	-56,268532
4570,422363	-60,986698
4575,805664	-59,327385
4581,188965	-61,144547
4586,572266	-66,294518
4591,955566	-66,943306
4597,338867	-71,436066
4602,722168	-71,337219
4608,105469	-71,193718
4613,488770	-68,135986
4618,872070	-67,454353
4624,255371	-69,681366
4629,638672	-69,125839
4635,021973	-74,366104
4640,405273	-71,496178
4645,788574	-67,099625
4651,171875	-66,073563
4656,555176	-71,000290
4661,938477	-73,478775
4667,321777	-68,336578
4672,705078	-67,090202
4678,088379	-71,673111
4683,471680	-71,220207
4688,854980	-68,210609
4694,238281	-62,764435
4699,621582	-57,928341
4705,004883	-53,905846
4710,388184	-52,219730
4715,771484	-54,113056
4721,154785	-60,099072
4726,538086	-58,281860
4731,921387	-62,192101
4737,304688	-68,368530
4742,687988	-84,144531
4748,071289	-68,861443
4753,454590	-74,416565
4758,837891	-78,319672
4764,221191	-70,314110
4769,604492	-72,479973
4774,987793	-74,304253
4780,371094	-73,418686
4785,754395	-73,351151
4791,137695	-73,125984
4796,520996	-75,248802
4801,904297	-72,133293
4807,287598	-66,482498
4812,670898	-66,979401
4818,054199	-73,647148
4823,437500	-68,475410
4828,820801	-67,440437
4834,204102	-69,197784
4839,587402	-72,433281
4844,970703	-65,400017
4850,354004	-67,963593
4855,737305	-63,845303
4861,120605	-61,149696
4866,503906	-56,631588
4871,887207	-56,711067
4877,270508	-57,114273
4882,653809	-53,648308
4888,037109	-53,220661
4893,420410	-57,543011
4898,803711	-47,242489
4904,187012	-49,875095
4909,570312	-44,838398
4914,953613	-36,453545
4920,336914	-27,012218
4925,720215	-28,366253
4931,103516	-40,079372
4936,486816	-44,454144
4941,870117	-51,408638
4947,253418	-49,767994
4952,636719	-52,550179
4958,020020	-53,021915
4963,403320	-51,031540
4968,786621	-55,217411
4974,169922	-53,910442
4979,553223	-54,088337
4984,936523	-56,476772
4990,319824	-58,001987
4995,703125	-57,540730
5001,086426	-61,336349
5006,469727	-71,737228
5011,853027	-70,439484
5017,236328	-66,506607
5022,619629	-71,033302
5028,002930	-64,115257
5033,386230	-66,632622
5038,769531	-69,318169
5044,152832	-65,987946
5049,536133	-65,123009
5054,919434	-64,889397
5060,302734	-69,160667
5065,686035	-67,304756
5071,069336	-70,794807
5076,452637	-72,630707
5081,835938	-67,031715
5087,219238	-68,449036
5092,602539	-65,569649
5097,985840	-81,369186
5103,369141	-71,496719
5108,752441	-70,088707
5114,135742	-69,884476
5119,519043	-72,289162
5124,902344	-70,891800
5130,285645	-70,330017
5135,668945	-73,259689
5141,052246	-74,612099
5146,435547	-75,904327
5151,818848	-78,232918
5157,202148	-72,483017
5162,585449	-80,134567
5167,968750	-79,238235
5173,352051	-78,159821
5178,735352	-78,592201
5184,118652	-80,398399
5189,501953	-75,442078
5194,885254	-71,138908
5200,268555	-72,264313
5205,651855	-73,745567
5211,035156	-74,958992
5216,418457	-76,730469
5221,801758	-76,460335
5227,185059	-68,623199
5232,568359	-65,908913
5237,951660	-71,756927
5243,334961	-75,205635
5248,718262	-63,077835
5254,101562	-59,831577
5259,484863	-61,920383
5264,868164	-61,611481
5270,251465	-63,427052
5275,634766	-58,119499
5281,018066	-58,729546
5286,401367	-56,227707
5291,784668	-59,927422
5297,167969	-60,602242
5302,551270	-53,114132
5307,934570	-46,400761
5313,317871	-44,793514
5318,701172	-47,126785
5324,084473	-33,692070
5329,467773	-27,589634
5334,851074	-29,156729
5340,234375	-37,296108
5345,617676	-43,761360
5351,000977	-52,079933
5356,384277	-53,284584
5361,767578	-53,636707
5367,150879	-60,189919
5372,534180	-68,881859
5377,917480	-62,442341
5383,300781	-58,622250
5388,684082	-58,336464
5394,067383	-60,498165
5399,450684	-64,020653
5404,833984	-66,023399
5410,217285	-68,538414
5415,600586	-72,275398
5420,983887	-67,567245
5426,367188	-69,470566
5431,750488	-68,635948
5437,133789	-67,415573
5442,517090	-68,473167
5447,900391	-68,452881
5453,283691	-68,334160
5458,666992	-67,957069
5464,050293	-73,130127
5469,433594	-75,903061
5474,816895	-72,490883
5480,200195	-71,978584
5485,583496	-71,322624
5490,966797	-65,332825
5496,350098	-65,571297
5501,733398	-78,418373
5507,116699	-74,205986
5512,500000	-67,352715
5517,883301	-63,976700
5523,266602	-62,420849
5528,649902	-54,509510
5534,033203	-52,479713
5539,416504	-54,863743
5544,799805	-57,508522
5550,183105	-58,733624
5555,566406	-61,758602
5560,949707	-65,818542
5566,333008	-65,007195
5571,716309	-64,554558
5577,099609	-70,730278
5582,482910	-69,260223
5587,866211	-68,786819
5593,249512	-71,493904
5598,632812	-72,781631
5604,016113	-74,874016
5609,399414	-83,424019
5614,782715	-79,712273
5620,166016	-75,367706
5625,549316	-69,313766
5630,932617	-69,079620
5636,315918	-70,065842
5641,699219	-71,589790
5647,082520	-71,929535
5652,465820	-68,655624
5657,849121	-69,562157
5663,232422	-65,611656
5668,615723	-61,995335
5673,999023	-56,807579
5679,382324	-54,903648
5684,765625	-55,617962
5690,148926	-55,711536
5695,532227	-52,499062
5700,915527	-50,999840
5706,298828	-54,372574
5711,682129	-57,688595
5717,065430	-50,694046
5722,448730	-49,370281
5727,832031	-49,624485
5733,215332	-48,090736
5738,598633	-29,326855
5743,981934	-25,097553
5749,365234	-30,370268
5754,748535	-39,083576
5760,131836	-51,141041
5765,515137	-54,458447
5770,898438	-52,814602
5776,281738	-57,579967
5781,665039	-52,680859
5787,048340	-53,438690
5792,431641	-56,669483
5797,814941	-63,711235
5803,198242	-59,459221
5808,581543	-61,170525
5813,964844	-63,471783
5819,348145	-62,228756
5824,731445	-63,275253
5830,114746	-63,152702
5835,498047	-66,231369
5840,881348	-62,777042
5846,264648	-64,655327
5851,647949	-69,662384
5857,031250	-73,567497
5862,414551	-71,359283
5867,797852	-69,355682
5873,181152	-69,091446
5878,564453	-74,344772
5883,947754	-80,019661
5889,331055	-79,754311
5894,714355	-78,629539
5900,097656	-79,201981
5905,480957	-82,740273
5910,864258	-84,953827
5916,247559	-79,890442
5921,630859	-82,552422
5927,014160	-87,226303
5932,397461	-84,224236
5937,780762	-82,825737
5943,164062	-80,950302
5948,547363	-80,645348
5953,930664	-81,705559
5959,313965	-85,313042
5964,697266	-77,745491
5970,080566	-81,683578
5975,463867	-90,061470
5980,847168	-84,813622
5986,230469	-85,995033
5991,613770	-83,786438
5996,997070	-82,302528
6002,380371	-88,168938
6007,763672	-89,836182
6013,146973	-82,347908
6018,530273	-76,200005
6023,913574	-73,169197
6029,296875	-73,815331
6034,680176	-72,542122
6040,063477	-71,288910
6045,446777	-76,911224
6050,830078	-76,585190
6056,213379	-71,107040
6061,596680	-70,500458
6066,979980	-68,673370
6072,363281	-68,806824
6077,746582	-64,882767
6083,129883	-62,867493
6088,513184	-64,596642
6093,896484	-59,760414
6099,279785	-59,062225
6104,663086	-62,689304
6110,046387	-63,586487
6115,429688	-55,181805
6120,812988	-52,689285
6126,196289	-48,626007
6131,579590	-47,014591
6136,962891	-45,987072
6142,346191	-46,405949
6147,729492	-45,317886
6153,112793	-41,889973
6158,496094	-41,350250
6163,879395	-45,313210
6169,262695	-54,890945
6174,645996	-52,561337
6180,029297	-54,288765
6185,412598	-57,982044
6190,795898	-60,187973
6196,179199	-57,413048
6201,562500	-57,888577
6206,945801	-59,828194
6212,329102	-62,137512
6217,712402	-64,845749
6223,095703	-70,658646
6228,479004	-66,098206
6233,862305	-73,808250
6239,245605	-70,257858
6244,628906	-66,117340
6250,012207	-62,618073
6255,395508	-62,890625
6260,778809	-65,830391
6266,162109	-66,839607
6271,545410	-69,087883
6276,928711	-78,880814
6282,312012	-73,559090
6287,695312	-81,034805
6293,078613	-76,703857
6298,461914	-70,236313
6303,845215	-69,592064
6309,228516	-66,463974
6314,611816	-66,719681
6319,995117	-65,756798
6325,378418	-63,905155
6330,761719	-66,574799
6336,145020	-66,694328
6341,528320	-68,419624
6346,911621	-53,211941
6352,294922	-47,561413
6357,678223	-48,686375
6363,061523	-54,280731
6368,444824	-58,409348
6373,828125	-60,041130
6379,211426	-63,651695
6384,594727	-65,451096
6389,978027	-70,490791
6395,361328	-79,889946
6400,744629	-68,012985
6406,127930	-70,769447
6411,511230	-71,172127
6416,894531	-76,378052
6422,277832	-70,085571
6427,661133	-70,822327
6433,044434	-73,026909
6438,427734	-74,307724
6443,811035	-74,074051
6449,194336	-68,818764
6454,577637	-70,623871
6459,960938	-75,799988
6465,344238	-66,393150
6470,727539	-66,544380
6476,110840	-69,365501
6481,494141	-70,258286
6486,877441	-66,281540
6492,260742	-61,190804
6497,644043	-58,396591
6503,027344	-59,558327
6508,410645	-60,622158
6513,793945	-60,130074
6519,177246	-56,533104
6524,560547	-56,841988
6529,943848	-62,420555
6535,327148	-59,945110
6540,710449	-55,275234
6546,093750	-52,385014
6551,477051	-47,162575
6556,860352	-37,234726
6562,243652	-33,402031
6567,626953	-34,293411
6573,010254	-39,497364
6578,393555	-46,556919
6583,776855	-49,940796
6589,160156	-49,937527
6594,543457	-51,076694
6599,926758	-53,448856
6605,310059	-60,291237
6610,693359	-56,438961
6616,076660	-58,263527
6621,459961	-61,467228
6626,843262	-65,737717
6632,226562	-65,479424
6637,609863	-69,689362
6642,993164	-69,120659
6648,376465	-67,459465
6653,759766	-60,263897
6659,143066	-59,127331
6664,526367	-60,416016
6669,909668	-64,058868
6675,292969	-68,474464
6680,676270	-68,166199
6686,059570	-73,949097
6691,442871	-79,972977
6696,826172	-77,166054
6702,209473	-75,066948
6707,592773	-75,034256
6712,976074	-74,360802
6718,359375	-73,277237
6723,742676	-74,439499
6729,125977	-71,695488
6734,509277	-69,531830
6739,892578	-66,187744
6745,275879	-64,721024
6750,659180	-66,493629
6756,042480	-63,278111
6761,425781	-56,726704
6766,809082	-55,779964
6772,192383	-59,684166
6777,575684	-62,366489
6782,958984	-64,417229
6788,342285	-71,244644
6793,725586	-69,891556
6799,108887	-64,345505
6804,492188	-64,760620
6809,875488	-69,796562
6815,258789	-65,073822
6820,642090	-69,218658
6826,025391	-67,704918
6831,408691	-69,524307
6836,791992	-65,254486
6842,175293	-64,927544
6847,558594	-70,074471
6852,941895	-71,552261
6858,325195	-73,007317
6863,708496	-73,919830
6869,091797	-72,148804
6874,475098	-71,124649
6879,858398	-68,342148
6885,241699	-69,397270
6890,625000	-72,254135
6896,008301	-77,844315
6901,391602	-76,127701
6906,774902	-72,374290
6912,158203	-65,394775
6917,541504	-65,996063
6922,924805	-59,885853
6928,308105	-54,263161
6933,691406	-56,142490
6939,074707	-55,998627
6944,458008	-57,524498
6949,841309	-50,116283
6955,224609	-47,052441
6960,607910	-50,389595
6965,991211	-39,091988
6971,374512	-33,239178
6976,757812	-34,390388
6982,141113	-50,605690
6987,524414	-51,483147
6992,907715	-48,586533
6998,291016	-46,819859
7003,674316	-48,347771
7009,057617	-58,604286
7014,440918	-58,591782
7019,824219	-62,651600
7025,207520	-57,849400
7030,590820	-62,451057
7035,974121	-62,431217
7041,357422	-72,577164
7046,740723	-65,202637
7052,124023	-61,364403
7057,507324	-59,613579
7062,890625	-61,622303
7068,273926	-71,804245
7073,657227	-78,140976
7079,040527	-78,443161
7084,423828	-73,575371
7089,807129	-72,903839
7095,190430	-73,866653
7100,573730	-78,191368
7105,957031	-71,015472
7111,340332	-71,739517
7116,723633	-73,544968
7122,106934	-71,960220
7127,490234	-72,225395
7132,873535	-75,583481
7138,256836	-65,200478
7143,640137	-63,527447
7149,023438	-60,226837
7154,406738	-63,840160
7159,790039	-63,141281
7165,173340	-58,911034
7170,556641	-54,834042
7175,939941	-52,735374
7181,323242	-51,163403
7186,706543	-52,349205
7192,089844	-58,706734
7197,473145	-62,119377
7202,856445	-62,455711
7208,239746	-69,704315
7213,623047	-64,913994
7219,006348	-66,547470
7224,389648	-71,068306
7229,772949	-73,314079
7235,156250	-70,357613
7240,539551	-67,768593
7245,922852	-65,395767
7251,306152	-68,566185
7256,689453	-72,457321
7262,072754	-76,825294
7267,456055	-81,399635
7272,839355	-83,182289
7278,222656	-74,739403
7283,605957	-74,794197
7288,989258	-69,220612
7294,372559	-73,835205
7299,755859	-66,141716
7305,139160	-68,329201
7310,522461	-66,655647
7315,905762	-66,626259
7321,289062	-74,009392
7326,672363	-62,190727
7332,055664	-61,488670
7337,438965	-52,855736
7342,822266	-48,590282
7348,205566	-51,375839
7353,588867	-55,699467
7358,972168	-58,439541
7364,355469	-49,903198
7369,738770	-45,157646
7375,122070	-31,740383
7380,505371	-26,251755
7385,888672	-27,862589
7391,271973	-36,528339
7396,655273	-46,782619
7402,038574	-52,378544
7407,421875	-56,160355
7412,805176	-52,563843
7418,188477	-53,052460
7423,571777	-55,037067
7428,955078	-55,257324
7434,338379	-58,914742
7439,721680	-62,251953
7445,104980	-60,342236
7450,488281	-61,172989
7455,871582	-66,261925
7461,254883	-64,167336
7466,638184	-71,073486
7472,021484	-68,976776
7477,404785	-67,634148
7482,788086	-70,087067
7488,171387	-66,566086
7493,554688	-64,435608
7498,937988	-70,080841
7504,321289	-76,654823
7509,704590	-78,311661
7515,087891	-75,903679
7520,471191	-80,388168
7525,854492	-74,535431
7531,237793	-70,225105
7536,621094	-69,563141
7542,004395	-67,672691
7547,387695	-66,862328
7552,770996	-69,028854
7558,154297	-69,277061
7563,537598	-62,418232
7568,920898	-63,252029
7574,304199	-60,277107
7579,687500	-57,629951
7585,070801	-52,007866
7590,454102	-51,587860
7595,837402	-58,808254
7601,220703	-63,373249
7606,604004	-65,621201
7611,987305	-65,917107
7617,370605	-68,241013
7622,753906	-68,121284
7628,137207	-75,568504
7633,520508	-81,321243
7638,903809	-80,853302
7644,287109	-77,749741
7649,670410	-75,115471
7655,053711	-76,450905
7660,437012	-78,523521
7665,820312	-70,300087
7671,203613	-67,236443
7676,586914	-69,459633
7681,970215	-71,051292
7687,353516	-68,197525
7692,736816	-69,664452
7698,120117	-66,823204
7703,503418	-63,859947
7708,886719	-65,870399
7714,270020	-72,464920
7719,653320	-66,835968
7725,036621	-65,839500
7730,419922	-60,190830
7735,803223	-66,544182
7741,186523	-58,614998
7746,569824	-55,559982
7751,953125	-62,534904
7757,336426	-56,641720
7762,719727	-53,898388
7768,103027	-56,530201
7773,486328	-48,408615
7778,869629	-45,765484
7784,252930	-40,370239
7789,636230	-29,180038
7795,019531	-29,058994
7800,402832	-38,073544
7805,786133	-42,144596
7811,169434	-48,756561
7816,552734	-51,096622
7821,936035	-46,026134
7827,319336	-51,113644
7832,702637	-53,863777
7838,085938	-51,272316
7843,469238	-56,414566
7848,852539	-54,026451
7854,235840	-56,191696
7859,619141	-60,827477
7865,002441	-63,735607
7870,385742	-60,583347
7875,769043	-61,822987
7881,152344	-59,013172
7886,535645	-58,932487
7891,918945	-60,625111
7897,302246	-65,376373
7902,685547	-69,318794
7908,068848	-69,637138
7913,452148	-76,202782
7918,835449	-85,002243
7924,218750	-78,442955
7929,602051	-76,270042
7934,985352	-74,296150
7940,368652	-70,008705
7945,751953	-77,143112
7951,135254	-68,584534
7956,518555	-70,231445
7961,901855	-66,487808
7967,285156	-64,481560
7972,668457	-63,050919
7978,051758	-60,766312
7983,435059	-59,820694
7988,818359	-55,764931
7994,201660	-54,733318
7999,584961	-50,742771
8004,968262	-55,560780
8010,351562	-66,694504
8015,734863	-67,367722
8021,118164	-65,519913
8026,501465	-66,019203
8031,884766	-68,678665
8037,268066	-69,170090
8042,651367	-66,334122
8048,034668	-69,817024
8053,417969	-72,861092
8058,801270	-69,124573
8064,184570	-72,921494
8069,567871	-75,560585
8074,951172	-68,912689
8080,334473	-65,770363
8085,717773	-67,015762
8091,101074	-70,489098
8096,484375	-63,766178
8101,867676	-60,113476
8107,250977	-66,783073
8112,634277	-60,291790
8118,017578	-58,168102
8123,400879	-61,105747
8128,784180	-62,755257
8134,167480	-63,941761
8139,550781	-64,963943
8144,934082	-58,411423
8150,317383	-58,532700
8155,700684	-55,452507
8161,083984	-50,239597
8166,467285	-50,813343
8171,850586	-52,002663
8177,233887	-54,689728
8182,617188	-53,468716
8188,000488	-46,796642
8193,383789	-35,284592
8198,767090	-23,271646
8204,150391	-21,667427
8209,533691	-27,663929
8214,916992	-37,249943
8220,300293	-45,358067
8225,683594	-51,418507
8231,066895	-52,267582
8236,450195	-53,153275
8241,833496	-54,706005
8247,216797	-57,414124
8252,600098	-58,447002
8257,983398	-62,532021
8263,366699	-62,152649
8268,750000	-55,880657
8274,133301	-55,572605
8279,516602	-57,864826
8284,899902	-59,196053
8290,283203	-62,019207
8295,666504	-62,902050
8301,049805	-62,428333
8306,433105	-64,833237
8311,816406	-62,864010
8317,199707	-68,355354
8322,583008	-63,948597
8327,966309	-63,643108
8333,349609	-63,950623
8338,732910	-67,046562
8344,116211	-67,322083
8349,499512	-69,016975
8354,882812	-72,882217
8360,266113	-70,545715
8365,649414	-72,655952
8371,032715	-68,356667
8376,416016	-62,479393
8381,799316	-62,924271
8387,182617	-65,683159
8392,565918	-64,279617
8397,949219	-66,868660
8403,332520	-55,592091
8408,715820	-54,373596
8414,099121	-59,538696
8419,482422	-62,115730
8424,865723	-64,415367
8430,249023	-67,642105
8435,632324	-67,043327
8441,015625	-71,478844
8446,398926	-76,581070
8451,782227	-73,195587
8457,165527	-70,371307
8462,548828	-66,169670
8467,932129	-73,553802
8473,315430	-69,714745
8478,698730	-74,679657
8484,082031	-71,740799
8489,465332	-69,906990
8494,848633	-67,842354
8500,231934	-69,041672
8505,615234	-65,300423
8510,998535	-60,268230
8516,381836	-56,439957
8521,765137	-56,908867
8527,148438	-60,460403
8532,531738	-59,887424
8537,915039	-58,937050
8543,298340	-59,008259
8548,681641	-57,523376
8554,064941	-57,256054
8559,448242	-55,341885
8564,831543	-52,798752
8570,214844	-55,792843
8575,598145	-49,739452
8580,981445	-49,617783
8586,364746	-53,264896
8591,748047	-44,982239
8597,131348	-42,391155
8602,514648	-39,405998
8607,897949	-28,338070
8613,281250	-24,890871
8618,664551	-31,797043
8624,047852	-49,147141
8629,431152	-53,075623
8634,814453	-57,367184
8640,197754	-51,320915
8645,581055	-50,597569
8650,964355	-60,839458
8656,347656	-62,402660
8661,730957	-63,390938
8667,114258	-60,625481
8672,497559	-59,486187
8677,880859	-64,647476
8683,264160	-69,570763
8688,647461	-61,202732
8694,030762	-64,504288
8699,414062	-65,624031
8704,797363	-66,174095
8710,180664	-72,091789
8715,563965	-66,741371
8720,947266	-62,829159
8726,330566	-62,715076
8731,713867	-65,715439
8737,097168	-70,365891
8742,480469	-72,774429
8747,863770	-72,955841
8753,247070	-71,969971
8758,630371	-70,891823
8764,013672	-71,817528
8769,396973	-75,949692
8774,780273	-69,922523
8780,163574	-70,028687
8785,546875	-71,768288
8790,930176	-72,917114
8796,313477	-77,143394
8801,696777	-64,119415
8807,080078	-60,241642
8812,463379	-62,148300
8817,846680	-57,527908
8823,229980	-54,873779
8828,613281	-59,233498
8833,996582	-70,553101
8839,379883	-68,800201
8844,763184	-66,673965
8850,146484	-67,010826
8855,529785	-70,361237
8860,913086	-71,305008
8866,296387	-70,331703
8871,679688	-70,724197
8877,062988	-69,203323
8882,446289	-69,102394
8887,829590	-70,444839
8893,212891	-75,693390
8898,596191	-74,268677
8903,979492	-71,167053
8909,362793	-67,823349
8914,746094	-71,751633
8920,129395	-72,168106
8925,512695	-69,047234
8930,895996	-67,693878
8936,279297	-69,411888
8941,662598	-62,087482
8947,045898	-59,018368
8952,429199	-58,330650
8957,812500	-59,452740
8963,195801	-58,194714
8968,579102	-58,415554
8973,962402	-58,685947
8979,345703	-62,272926
8984,729004	-55,723637
8990,112305	-58,405449
8995,495605	-52,194447
9000,878906	-49,190632
9006,262207	-50,662991
9011,645508	-47,952145
9017,028809	-40,486355
9022,412109	-37,249920
9027,795410	-37,460938
9033,178711	-41,639915
9038,562012	-46,079475
9043,945312	-51,903107
9049,328613	-53,936592
9054,711914	-51,172997
9060,095215	-56,167503
9065,478516	-58,097599
9070,861816	-54,619389
9076,245117	-63,688148
9081,628418	-61,930912
9087,011719	-60,154819
9092,395020	-62,074490
9097,778320	-69,163994
9103,161621	-65,400398
9108,544922	-61,967091
9113,928223	-62,438694
9119,311523	-67,315109
9124,694824	-71,382576
9130,078125	-71,365097
9135,461426	-72,967438
9140,844727	-74,969467
9146,228027	-76,926514
9151,611328	-78,902969
9156,994629	-79,378838
9162,377930	-75,027618
9167,761230	-70,364494
9173,144531	-70,725441
9178,527832	-72,030167
9183,911133	-64,808998
9189,294434	-61,942768
9194,677734	-62,193851
9200,061035	-62,519058
9205,444336	-67,808952
9210,827637	-63,872906
9216,210938	-54,455460
9221,594238	-50,898327
9226,977539	-51,412735
9232,360840	-56,496502
9237,744141	-59,314770
9243,127441	-61,513210
9248,510742	-65,108078
9253,894043	-63,537266
9259,277344	-64,726089
9264,660645	-68,505638
9270,043945	-73,467064
9275,427246	-69,439690
9280,810547	-70,080757
9286,193848	-70,744835
9291,577148	-68,785339
9296,960449	-67,043831
9302,343750	-67,913994
9307,727051	-71,431000
9313,110352	-70,668129
9318,493652	-67,788795
9323,876953	-67,744202
9329,260254	-68,515198
9334,643555	-65,537254
9340,026855	-67,303337
9345,410156	-65,173882
9350,793457	-70,506271
9356,176758	-69,527191
9361,560059	-59,550526
9366,943359	-63,383713
9372,326660	-59,943932
9377,709961	-55,994183
9383,093262	-51,331573
9388,476562	-51,388535
9393,859863	-53,019222
9399,243164	-53,091480
9404,626465	-53,321217
9410,009766	-51,332783
9415,393066	-50,490227
9420,776367	-45,555157
9426,159668	-34,055294
9431,542969	-26,704050
9436,926270	-28,072283
9442,309570	-35,655273
9447,692871	-48,132221
9453,076172	-47,284313
9458,459473	-52,411732
9463,842773	-51,162117
9469,226074	-59,398483
9474,609375	-56,980404
9479,992676	-58,021305
9485,375977	-54,206886
9490,759277	-53,518681
9496,142578	-60,263348
9501,525879	-57,033249
9506,909180	-55,485996
9512,292480	-60,390556
9517,675781	-61,403477
9523,059082	-65,429138
9528,442383	-61,317986
9533,825684	-63,597851
9539,208984	-62,379318
9544,592285	-67,012932
9549,975586	-75,219528
9555,358887	-70,420418
9560,742188	-65,970184
9566,125488	-67,603783
9571,508789	-69,438423
9576,892090	-72,028542
9582,275391	-70,053078
9587,658691	-80,003067
9593,041992	-67,616417
9598,425293	-64,400673
9603,808594	-60,585972
9609,191895	-64,218353
9614,575195	-72,379562
9619,958496	-60,499916
9625,341797	-54,665989
9630,725098	-53,270676
9636,108398	-55,320862
9641,491699	-58,534374
9646,875000	-55,401325
9652,258301	-59,892811
9657,641602	-71,000099
9663,024902	-65,467201
9668,408203	-70,860550
9673,791504	-71,812462
9679,174805	-70,521614
9684,558105	-71,806023
9689,941406	-70,376411
9695,324707	-71,736588
9700,708008	-70,173073
9706,091309	-67,371140
9711,474609	-64,215256
9716,857910	-66,548050
9722,241211	-74,127945
9727,624512	-69,743240
9733,007812	-66,199883
9738,391113	-71,022835
9743,774414	-64,016525
9749,157715	-63,022434
9754,541016	-72,253143
9759,924316	-65,343170
9765,307617	-69,430389
9770,690918	-71,207520
9776,074219	-66,705856
9781,457520	-62,340195
9786,840820	-67,174408
9792,224121	-68,091125
9797,607422	-62,475780
9802,990723	-65,384544
9808,374023	-68,435890
9813,757324	-60,183765
9819,140625	-57,015778
9824,523926	-59,584999
9829,907227	-66,754936
9835,290527	-64,610428
9840,673828	-60,637470
9846,057129	-60,414829
9851,440430	-57,217331
9856,823730	-54,345474
9862,207031	-62,943989
9867,590332	-52,905544
9872,973633	-48,745026
9878,356934	-45,855331
9883,740234	-41,595963
9889,123535	-25,330982
9894,506836	-22,722050
9899,890137	-29,682074
9905,273438	-41,357811
9910,656738	-47,337009
9916,040039	-48,066284
9921,423340	-48,038994
9926,806641	-51,384434
9932,189941	-57,990429
9937,573242	-53,969509
9942,956543	-60,396145
9948,339844	-55,303116
9953,723145	-55,529442
9959,106445	-59,592747
9964,489746	-64,249413
9969,873047	-59,886074
9975,256348	-59,104565
9980,639648	-59,225941
9986,022949	-60,665157
9991,406250	-59,517784
9996,789551	-56,358913
10002,172852	-54,633331
10007,556152	-58,786175
10012,939453	-56,703617
10018,322754	-55,072243
10023,706055	-60,577499
10029,089355	-63,034481
10034,472656	-61,596085
10039,855957	-59,122662
10045,239258	-69,722763
10050,622559	-63,588562
10056,005859	-65,033722
10061,389160	-70,129082
10066,772461	-68,406670
10072,155762	-68,369713
10077,539062	-72,561386
10082,922363	-68,253510
10088,305664	-64,623360
10093,688965	-64,011925
10099,072266	-65,445366
10104,455566	-71,432251
10109,838867	-65,747887
10115,222168	-64,829681
10120,605469	-64,679314
10125,988770	-65,504921
10131,372070	-77,103371
10136,755371	-74,872147
10142,138672	-74,493217
10147,521973	-72,239754
10152,905273	-73,517975
10158,288574	-73,605782
10163,671875	-70,488434
10169,055176	-67,594040
10174,438477	-66,405602
10179,821777	-62,695415
10185,205078	-63,899254
10190,588379	-65,273071
10195,971680	-63,676598
10201,354980	-66,076096
10206,738281	-60,943321
10212,121582	-62,818954
10217,504883	-64,008125
10222,888184	-62,710350
10228,271484	-61,603317
10233,654785	-57,964336
10239,038086	-55,535641
10244,421387	-54,147305
10249,804688	-50,777699
10255,187988	-51,865852
10260,571289	-51,949158
10265,954590	-59,948784
10271,337891	-52,094398
10276,721191	-49,930779
10282,104492	-52,753735
10287,487793	-50,629932
10292,871094	-54,955692
10298,254395	-30,284475
10303,637695	-25,237974
10309,020996	-31,473936
10314,404297	-52,816067
10319,787598	-50,935787
10325,170898	-51,552094
10330,554199	-58,023754
10335,937500	-59,385082
10341,320801	-57,995846
10346,704102	-57,362782
10352,087402	-60,723522
10357,470703	-71,138557
10362,854004	-65,807663
10368,237305	-58,880070
10373,620605	-58,543152
10379,003906	-58,446762
10384,387207	-60,338169
10389,770508	-66,516617
10395,153809	-65,689438
10400,537109	-64,958473
10405,920410	-62,533344
10411,303711	-62,165173
10416,687012	-64,901901
10422,070312	-63,786076
10427,453613	-65,564445
10432,836914	-68,293785
10438,220215	-62,866657
10443,603516	-67,004097
10448,986816	-71,188782
10454,370117	-68,568130
10459,753418	-64,388283
10465,136719	-63,075836
10470,520020	-64,106682
10475,903320	-62,360729
10481,286621	-69,090492
10486,669922	-63,130737
10492,053223	-61,016319
10497,436523	-60,980328
10502,819824	-52,565804
10508,203125	-56,764626
10513,586426	-58,787037
10518,969727	-64,492645
10524,353027	-58,657894
10529,736328	-59,405716
10535,119629	-67,486763
10540,502930	-67,012909
10545,886230	-69,870102
10551,269531	-72,985153
10556,652832	-62,623875
10562,036133	-64,077522
10567,419434	-72,648628
10572,802734	-66,633789
10578,186035	-65,340057
10583,569336	-67,077820
10588,952637	-68,201561
10594,335938	-65,852051
10599,719238	-66,180733
10605,102539	-63,728531
10610,485840	-62,215790
10615,869141	-61,415623
10621,252441	-62,970646
10626,635742	-62,545856
10632,019043	-63,437515
10637,402344	-65,151718
10642,785645	-67,774292
10648,168945	-74,030968
10653,552246	-71,146835
10658,935547	-65,524368
10664,318848	-64,950966
10669,702148	-63,763485
10675,085449	-54,495369
10680,468750	-52,976723
10685,852051	-53,782051
10691,235352	-46,547745
10696,618652	-46,091843
10702,001953	-49,405682
10707,385254	-47,590427
10712,768555	-45,537380
10718,151855	-43,018253
10723,535156	-43,771240
10728,918457	-48,423191
10734,301758	-53,506924
10739,685059	-53,892559
10745,068359	-55,614437
10750,451660	-59,876644
10755,834961	-59,939610
10761,218262	-59,222385
10766,601562	-60,207756
10771,984863	-62,408920
10777,368164	-67,007507
10782,751465	-63,288555
10788,134766	-63,026176
10793,518066	-69,125542
10798,901367	-70,856598
10804,284668	-68,372520
10809,667969	-68,079124
10815,051270	-75,204460
10820,434570	-76,338646
10825,817871	-70,642502
10831,201172	-68,424919
10836,584473	-69,806786
10841,967773	-74,903458
10847,351074	-75,141602
10852,734375	-71,821136
10858,117676	-72,702072
10863,500977	-75,957001
10868,884277	-76,659386
10874,267578	-75,673111
10879,650879	-76,783554
10885,034180	-73,556778
10890,417480	-71,363571
10895,800781	-75,668655
10901,184082	-64,926147
10906,567383	-58,006260
10911,950684	-55,352119
10917,333984	-57,641945
10922,717285	-63,917385
10928,100586	-61,432575
10933,483887	-64,846489
10938,867188	-73,622078
10944,250488	-80,146858
10949,633789	-76,885506
10955,017090	-76,738144
10960,400391	-75,595253
10965,783691	-76,253098
10971,166992	-82,633568
10976,550293	-77,616722
10981,933594	-76,352303
10987,316895	-77,526886
10992,700195	-79,290619
10998,083496	-80,050850
11003,466797	-79,931091
11008,850098	-82,214134
11014,233398	-83,272926
11019,616699	-81,198990
11025,000000	-81,627769
11030,383301	-81,552536
11035,766602	-82,171478
11041,149902	-81,836006
11046,533203	-74,521065
11051,916504	-79,426605
11057,299805	-80,421234
11062,683105	-75,848991
11068,066406	-73,100487
11073,449707	-70,890884
11078,833008	-64,047600
11084,216309	-64,689880
11089,599609	-67,890686
11094,982910	-70,185669
11100,366211	-66,678093
11105,749512	-66,066826
11111,132812	-65,892967
11116,516113	-62,960297
11121,899414	-53,734875
11127,282715	-54,163090
11132,666016	-61,778931
11138,049316	-66,998688
11143,432617	-70,512222
11148,815918	-71,819298
11154,199219	-65,161446
11159,582520	-65,713280
11164,965820	-72,360840
11170,349121	-73,774788
11175,732422	-76,633774
11181,115723	-81,458733
11186,499023	-73,807419
11191,882324	-69,602448
11197,265625	-71,861702
11202,648926	-68,992874
11208,032227	-72,741135
11213,415527	-79,846626
11218,798828	-76,501518
11224,182129	-74,407959
11229,565430	-75,200684
11234,948730	-78,826012
11240,332031	-79,223793
11245,715332	-76,561607
11251,098633	-76,609032
11256,481934	-78,538818
11261,865234	-80,575638
11267,248535	-79,057487
11272,631836	-74,305885
11278,015137	-76,380096
11283,398438	-76,325508
11288,781738	-74,470596
11294,165039	-72,957024
11299,548340	-73,440926
11304,931641	-78,836304
11310,314941	-83,390137
11315,698242	-74,858849
11321,081543	-77,243225
11326,464844	-87,852486
11331,848145	-73,043953
11337,231445	-70,309532
11342,614746	-73,143257
11347,998047	-74,566231
11353,381348	-70,776756
11358,764648	-73,353561
11364,147949	-80,513466
11369,531250	-79,286362
11374,914551	-78,946686
11380,297852	-80,285889
11385,681152	-84,638214
11391,064453	-76,010788
11396,447754	-77,877571
11401,831055	-73,399788
11407,214355	-70,699471
11412,597656	-71,300117
11417,980957	-67,670334
11423,364258	-64,492081
11428,747559	-66,239311
11434,130859	-66,925842
11439,514160	-68,169319
11444,897461	-76,047493
11450,280762	-79,943329
11455,664062	-77,540443
11461,047363	-77,557899
11466,430664	-75,158157
11471,813965	-69,493591
11477,197266	-64,543205
11482,580566	-67,619133
11487,963867	-66,414276
11493,347168	-66,659721
11498,730469	-65,564262
11504,113770	-69,462135
11509,497070	-61,688702
11514,880371	-64,251770
11520,263672	-70,558228
11525,646973	-57,095310
11531,030273	-57,658379
11536,413574	-36,902840
11541,796875	-31,142534
11547,180176	-36,511429
11552,563477	-55,217651
11557,946777	-58,243954
11563,330078	-62,907490
11568,713379	-61,857521
11574,096680	-60,325310
11579,479980	-63,184433
11584,863281	-66,461632
11590,246582	-74,419464
11595,629883	-67,363319
11601,013184	-69,931030
11606,396484	-68,003258
11611,779785	-69,901543
11617,163086	-67,919022
11622,546387	-70,451851
11627,929688	-75,715714
11633,312988	-75,243721
11638,696289	-71,599243
11644,079590	-68,494377
11649,462891	-71,716606
11654,846191	-68,686432
11660,229492	-70,457069
11665,612793	-68,566711
11670,996094	-68,576218
11676,379395	-69,972679
11681,762695	-74,183701
11687,145996	-79,018326
11692,529297	-72,220024
11697,912598	-72,710144
11703,295898	-71,222809
11708,679199	-67,715797
11714,062500	-68,943352
11719,445801	-67,767685
11724,829102	-63,856926
11730,212402	-61,116669
11735,595703	-60,746620
11740,979004	-62,709869
11746,362305	-64,709511
11751,745605	-65,585686
11757,128906	-66,657089
11762,512207	-70,454895
11767,895508	-69,383263
11773,278809	-66,737457
11778,662109	-71,005089
11784,045410	-77,358559
11789,428711	-79,343819
11794,812012	-73,179466
11800,195312	-77,723495
11805,578613	-74,177330
11810,961914	-73,647011
11816,345215	-79,313553
11821,728516	-68,275490
11827,111816	-65,474022
11832,495117	-66,051262
11837,878418	-73,058830
11843,261719	-70,702087
11848,645020	-70,739090
11854,028320	-69,765068
11859,411621	-71,269630
11864,794922	-65,392822
11870,178223	-68,368744
11875,561523	-66,211983
11880,944824	-65,013550
11886,328125	-65,087135
11891,711426	-61,890678
11897,094727	-61,674129
11902,478027	-59,969986
11907,861328	-58,162647
11913,244629	-55,858185
11918,627930	-54,726894
11924,011230	-53,113392
11929,394531	-50,629986
11934,777832	-48,233166
11940,161133	-34,126232
11945,544434	-30,715788
11950,927734	-35,812878
11956,311035	-43,394928
11961,694336	-53,176346
11967,077637	-55,773632
11972,460938	-52,734547
11977,844238	-55,503998
11983,227539	-58,782578
11988,610840	-56,762909
11993,994141	-55,762917
11999,377441	-63,226315
12004,760742	-58,228004
12010,144043	-64,636887
12015,527344	-68,047241
12020,910645	-63,407814
12026,293945	-64,804733
12031,677246	-66,245453
12037,060547	-66,426613
12042,443848	-69,810036
12047,827148	-72,645950
12053,210449	-69,716537
12058,593750	-70,461899
12063,977051	-74,933159
12069,360352	-77,760590
12074,743652	-74,736397
12080,126953	-73,151321
12085,510254	-74,021225
12090,893555	-73,120049
12096,276855	-80,363106
12101,660156	-80,138596
12107,043457	-77,929848
12112,426758	-81,429810
12117,810059	-84,449547
12123,193359	-83,694870
12128,576660	-85,687126
12133,959961	-84,917152
12139,343262	-81,127937
12144,726562	-80,930405
12150,109863	-82,659943
12155,493164	-74,381363
12160,876465	-71,660713
12166,259766	-73,235451
12171,643066	-78,678169
12177,026367	-76,984528
12182,409668	-79,412529
12187,792969	-77,477272
12193,176270	-74,479546
12198,559570	-79,704124
12203,942871	-79,073799
12209,326172	-81,569115
12214,709473	-78,496872
12220,092773	-73,467377
12225,476074	-73,966232
12230,859375	-72,034996
12236,242676	-73,395813
12241,625977	-75,308434
12247,009277	-76,693542
12252,392578	-73,174065
12257,775879	-74,918015
12263,159180	-73,292603
12268,542480	-66,024544
12273,925781	-67,655930
12279,309082	-65,006500
12284,692383	-64,816833
12290,075684	-66,161964
12295,458984	-63,643620
12300,842285	-60,287300
12306,225586	-61,729881
12311,608887	-63,475967
12316,992188	-54,735371
12322,375488	-51,687344
12327,758789	-49,082436
12333,142090	-47,150578
12338,525391	-46,685162
12343,908691	-47,960495
12349,291992	-46,208729
12354,675293	-42,964016
12360,058594	-43,171223
12365,441895	-47,582516
12370,825195	-59,618584
12376,208496	-56,631775
12381,591797	-56,304844
12386,975098	-57,562042
12392,358398	-59,847069
12397,741699	-61,944004
12403,125000	-65,260414
12408,508301	-67,238678
12413,891602	-64,662003
12419,274902	-64,887619
12424,658203	-76,481407
12430,041504	-74,065140
12435,424805	-81,916870
12440,808105	-71,365051
12446,191406	-71,331650
12451,574707	-69,311630
12456,958008	-66,616631
12462,341309	-66,370140
12467,724609	-68,121513
12473,107910	-67,603607
12478,491211	-78,391006
12483,874512	-80,016075
12489,257812	-77,597298
12494,641113	-70,300194
12500,024414	-71,178085
12505,407715	-75,881729
12510,791016	-73,516029
12516,174316	-72,804741
12521,557617	-70,699532
12526,940918	-73,635338
12532,324219	-69,772285
12537,707520	-67,789772
12543,090820	-69,606644
12548,474121	-64,796494
12553,857422	-58,047935
12559,240723	-54,894367
12564,624023	-58,071522
12570,007324	-73,479942
12575,390625	-65,002998
12580,773926	-65,303261
12586,157227	-76,674660
12591,540527	-80,449883
12596,923828	-73,692955
12602,307129	-71,797424
12607,690430	-77,419701
12613,073730	-79,102516
12618,457031	-74,190765
12623,840332	-79,226074
12629,223633	-76,630135
12634,606934	-73,444603
12639,990234	-77,320404
12645,373535	-84,758224
12650,756836	-72,507973
12656,140137	-74,425331
12661,523438	-75,087585
12666,906738	-72,892166
12672,290039	-76,572433
12677,673340	-74,601524
12683,056641	-69,478905
12688,439941	-69,701164
12693,823242	-74,445679
12699,206543	-74,979088
12704,589844	-68,965477
12709,973145	-64,220055
12715,356445	-62,190117
12720,739746	-64,130112
12726,123047	-60,097694
12731,506348	-62,331390
12736,889648	-64,940430
12742,272949	-65,242439
12747,656250	-58,593277
12753,039551	-49,707924
12758,422852	-41,228092
12763,806152	-36,933212
12769,189453	-37,094383
12774,572754	-41,851734
12779,956055	-51,325676
12785,339355	-67,155289
12790,722656	-59,551231
12796,105957	-55,735443
12801,489258	-57,364449
12806,872559	-64,778404
12812,255859	-61,137550
12817,639160	-65,307968
12823,022461	-70,039627
12828,405762	-84,677650
12833,789062	-69,715942
12839,172363	-66,185814
12844,555664	-65,174171
12849,938965	-63,968594
12855,322266	-62,616245
12860,705566	-65,520416
12866,088867	-71,686256
12871,472168	-69,579536
12876,855469	-68,341576
12882,238770	-69,042473
12887,622070	-74,926155
12893,005371	-71,783691
12898,388672	-74,372093
12903,771973	-82,875427
12909,155273	-81,654823
12914,538574	-76,868896
12919,921875	-82,797050
12925,305176	-83,359184
12930,688477	-78,389946
12936,071777	-76,266197
12941,455078	-77,592621
12946,838379	-80,272324
12952,221680	-77,880562
12957,604980	-80,007957
12962,988281	-73,743698
12968,371582	-74,175888
12973,754883	-79,400734
12979,138184	-77,812889
12984,521484	-74,991585
12989,904785	-73,907555
12995,288086	-77,365791
13000,671387	-81,282822
13006,054688	-88,170723
13011,437988	-85,399582
13016,821289	-78,731773
13022,204590	-80,800125
13027,587891	-88,264099
13032,971191	-84,573524
13038,354492	-87,888702
13043,737793	-87,573006
13049,121094	-85,617279
13054,504395	-87,088768
13059,887695	-89,813492
13065,270996	-98,193581
13070,654297	-92,288780
13076,037598	-85,589294
13081,420898	-85,754623
13086,804199	-86,654129
13092,187500	-86,593094
13097,570801	-84,524010
13102,954102	-80,986855
13108,337402	-76,973900
13113,720703	-88,260963
13119,104004	-77,892059
13124,487305	-76,874908
13129,870605	-79,496071
13135,253906	-82,020309
13140,637207	-77,249458
13146,020508	-81,349388
13151,403809	-76,931786
13156,787109	-74,337372
13162,170410	-75,795296
13167,553711	-74,754814
13172,937012	-65,557571
13178,320312	-65,313972
13183,703613	-73,923492
13189,086914	-81,570389
13194,470215	-85,276016
13199,853516	-85,176872
13205,236816	-83,811951
13210,620117	-90,293968
13216,003418	-87,583321
13221,386719	-97,436256
13226,770020	-92,821587
13232,153320	-100,719902
13237,536621	-96,181137
13242,919922	-97,504791
13248,303223	-97,888420
13253,686523	-101,275642
13259,069824	-98,556480
13264,453125	-98,491356
13269,836426	-100,719597
13275,219727	-97,911308
13280,603027	-99,141678
13285,986328	-114,762199
13291,369629	-98,225777
13296,752930	-96,191788
13302,136230	-97,098419
13307,519531	-95,421555
13312,902832	-101,467262
13318,286133	-107,876106
13323,669434	-106,652855
13329,052734	-105,323769
13334,436035	-98,817940
13339,819336	-103,263023
13345,202637	-108,876457
13350,585938	-99,621964
13355,969238	-99,026443
13361,352539	-107,092842
13366,735840	-106,147980
13372,119141	-101,384956
13377,502441	-100,598656
13382,885742	-94,038750
13388,269043	-101,235580
13393,652344	-105,356972
13399,035645	-107,168579
13404,418945	-117,452660
13409,802246	-111,442482
13415,185547	-101,898216
13420,568848	-103,316719
13425,952148	-111,026237
13431,335449	-110,649345
13436,718750	-105,002518
13442,102051	-103,463120
13447,485352	-104,419762
13452,868652	-109,638985
13458,251953	-106,408592
13463,635254	-105,478004
13469,018555	-125,355728
13474,401855	-117,609543
13479,785156	-116,803001
13485,168457	-106,286919
13490,551758	-107,397362
13495,935059	-104,831573
13501,318359	-103,590805
13506,701660	-102,642441
13512,084961	-101,779091
13517,468262	-101,490433
13522,851562	-100,322792
13528,234863	-99,545250
13533,618164	-99,859314
13539,001465	-97,011459
13544,384766	-96,382072
13549,768066	-96,375641
13555,151367	-96,186554
13560,534668	-94,170731
13565,917969	-93,863602
13571,301270	-95,453606
13576,684570	-94,954384
13582,067871	-93,732368
13587,451172	-94,746208
13592,834473	-94,365860
13598,217773	-92,324509
13603,601074	-91,493690
13608,984375	-91,215652
13614,367676	-90,399261
13619,750977	-90,334137
13625,134277	-90,567558
13630,517578	-90,748619
13635,900879	-90,991646
13641,284180	-91,155357
13646,667480	-91,030937
13652,050781	-91,096176
13657,434082	-91,282104
13662,817383	-91,551720
13668,200684	-92,000748
13673,583984	-92,488266
13678,967285	-92,891388
13684,350586	-93,401566
13689,733887	-93,926620
13695,117188	-94,584831
13700,500488	-95,731865
13705,883789	-96,760345
13711,267090	-97,690445
13716,650391	-98,453560
13722,033691	-97,866020
13727,416992	-97,505219
13732,800293	-97,202950
13738,183594	-97,201180
13743,566895	-97,698959
13748,950195	-98,704338
13754,333496	-100,183571
13759,716797	-102,091843
13765,100098	-104,506088
13770,483398	-106,814148
13775,866699	-109,158974
13781,250000	-109,995766
13786,633301	-110,210381
13792,016602	-109,415169
13797,399902	-109,095787
13802,783203	-108,739601
13808,166504	-108,568985
13813,549805	-108,795677
13818,933105	-109,605354
13824,316406	-110,533516
13829,699707	-112,348946
13835,083008	-115,368553
13840,466309	-120,232605
13845,849609	-130,484863
13851,232910	-127,674110
13856,616211	-119,542297
13861,999512	-115,620926
13867,382812	-114,564674
13872,766113	-113,076561
13878,149414	-112,812050
13883,532715	-113,216995
13888,916016	-113,748894
13894,299316	-114,733337
13899,682617	-115,875130
13905,065918	-116,800415
13910,449219	-117,485992
13915,832520	-118,109840
13921,215820	-118,780724
13926,599121	-119,930763
13931,982422	-118,306282
13937,365723	-116,245407
13942,749023	-115,580826
13948,132324	-114,574417
13953,515625	-114,406029
13958,898926	-115,604660
13964,282227	-117,342224
13969,665527	-118,939697
13975,048828	-118,494514
13980,432129	-117,049248
13985,815430	-115,241760
13991,198730	-115,153137
13996,582031	-114,773399
14001,965332	-115,929726
14007,348633	-117,628914
14012,731934	-120,555031
14018,115234	-121,475258
14023,498535	-124,679306
14028,881836	-125,513176
14034,265137	-128,216705
14039,648438	-121,098206
14045,031738	-117,597122
14050,415039	-128,718201
14055,798340	-123,768837
14061,181641	-123,425995
14066,564941	-123,827126
14071,948242	-119,917999
14077,331543	-124,949722
14082,714844	-125,903381
14088,098145	-131,447632
14093,481445	-131,320297
14098,864746	-130,496384
14104,248047	-131,548401
14109,631348	-136,664215
14115,014648	-132,526932
14120,397949	-132,250183
14125,781250	-129,017883
14131,164551	-133,376556
14136,547852	-131,952850
14141,931152	-132,490250
14147,314453	-132,137619
14152,697754	-133,037323
14158,081055	-134,303558
14163,464355	-134,890945
14168,847656	-137,161148
14174,230957	-137,413269
14179,614258	-137,980438
14184,997559	-133,513931
14190,380859	-126,880363
14195,764160	-127,882317
14201,147461	-138,859604
14206,530762	-138,831909
14211,914062	-138,993912
14217,297363	-135,347672
14222,680664	-128,477661
14228,063965	-136,626633
14233,447266	-135,031250
14238,830566	-136,306580
14244,213867	-143,354568
14249,597168	-139,125946
14254,980469	-138,151947
14260,363770	-139,108719
14265,747070	-147,989761
14271,130371	-141,442917
14276,513672	-143,866913
14281,896973	-142,901581
14287,280273	-138,760864
14292,663574	-137,022766
14298,046875	-137,279434
14303,430176	-132,574875
14308,813477	-137,621277
14314,196777	-136,995087
14319,580078	-146,367249
14324,963379	-138,332352
14330,346680	-132,437408
14335,729980	-129,445831
14341,113281	-130,915009
14346,496582	-133,573059
14351,879883	-135,079941
14357,263184	-135,693207
14362,646484	-127,263092
14368,029785	-121,350502
14373,413086	-118,067276
14378,796387	-115,113876
14384,179688	-112,824188
14389,562988	-110,992714
14394,946289	-109,601860
14400,329590	-108,682381
14405,712891	-108,156929
14411,096191	-107,935715
14416,479492	-107,920494
14421,862793	-108,227562
14427,246094	-108,941360
14432,629395	-110,041725
14438,012695	-111,202217
14443,395996	-113,190781
14448,779297	-115,632530
14454,162598	-118,807320
14459,545898	-123,317856
14464,929199	-129,318115
14470,312500	-136,275620
14475,695801	-135,596664
14481,079102	-130,799545
14486,462402	-129,330063
14491,845703	-131,617142
14497,229004	-128,876068
14502,612305	-130,442810
14507,995605	-130,920013
14513,378906	-132,335312
14518,762207	-134,244888
14524,145508	-136,692993
14529,528809	-137,249924
14534,912109	-134,354294
14540,295410	-132,270035
14545,678711	-130,449280
14551,062012	-129,778458
14556,445312	-129,429871
14561,828613	-130,901398
14567,211914	-134,025070
14572,595215	-133,890839
14577,978516	-139,345993
14583,361816	-145,687881
14588,745117	-148,597656
14594,128418	-135,808289
14599,511719	-122,980438
14604,895020	-124,002205
14610,278320	-139,897141
14615,661621	-151,987320
14621,044922	-150,121201
14626,428223	-137,074875
14631,811523	-123,927536
14637,194824	-124,288773
14642,578125	-132,946930
14647,961426	-137,413971
14653,344727	-139,659653
14658,728027	-141,687775
14664,111328	-137,652924
14669,494629	-135,621429
14674,877930	-141,354034
14680,261230	-140,623337
14685,644531	-140,787994
14691,027832	-144,139526
14696,411133	-150,069656
14701,794434	-145,354874
14707,177734	-149,300629
14712,561035	-128,149841
14717,944336	-123,616875
14723,327637	-127,644951
14728,710938	-133,742172
14734,094238	-142,382523
14739,477539	-141,262268
14744,860840	-131,765717
14750,244141	-129,343292
14755,627441	-122,995117
14761,010742	-119,750343
14766,394043	-117,493309
14771,777344	-115,721306
14777,160645	-114,412682
14782,543945	-113,403351
14787,927246	-112,658409
14793,310547	-112,151154
14798,693848	-111,955971
14804,077148	-111,934875
14809,460449	-112,015068
14814,843750	-111,872726
14820,227051	-111,888954
14825,610352	-111,940132
14830,993652	-112,146980
14836,376953	-112,549515
14841,760254	-112,962921
14847,143555	-113,586578
14852,526855	-114,796501
14857,910156	-114,491272
14863,293457	-114,045441
14868,676758	-119,467323
14874,060059	-123,096909
14879,443359	-125,606972
14884,826660	-130,927231
14890,209961	-133,802902
14895,593262	-124,555153
14900,976562	-129,142136
14906,359863	-137,773346
14911,743164	-132,027588
14917,126465	-132,680283
14922,509766	-141,480881
14927,893066	-142,156250
14933,276367	-143,059082
14938,659668	-145,358826
14944,042969	-144,102127
14949,426270	-141,162506
14954,809570	-141,196625
14960,192871	-146,713104
14965,576172	-155,282745
14970,959473	-148,237015
14976,342773	-142,949402
14981,726074	-143,885284
14987,109375	-145,652878
14992,492676	-148,266312
14997,875977	-151,657654
15003,259277	-151,212631
15008,642578	-133,228714
15014,025879	-131,150909
15019,409180	-144,184814
15024,792480	-146,405899
15030,175781	-147,233734
15035,559082	-145,456818
15040,942383	-135,114243
15046,325684	-131,105301
15051,708984	-137,458237
15057,092285	-141,063248
15062,475586	-138,193390
15067,858887	-134,864319
15073,242188	-133,650269
15078,625488	-134,616730
15084,008789	-133,421402
15089,392090	-133,346191
15094,775391	-136,361557
15100,158691	-138,887253
15105,541992	-141,574783
15110,925293	-137,870026
15116,308594	-135,141632
15121,691895	-130,270752
15127,075195	-127,284439
15132,458496	-130,794556
15137,841797	-133,178619
15143,225098	-133,171738
15148,608398	-134,588348
15153,991699	-138,663849
15159,375000	-144,327438
15164,758301	-133,917343
15170,141602	-127,637024
15175,524902	-123,383659
15180,908203	-120,222603
15186,291504	-117,928329
15191,674805	-115,323860
15197,058105	-113,805618
15202,441406	-113,264793
15207,824707	-112,581902
15213,208008	-112,196579
15218,591309	-112,104980
15223,974609	-112,558205
15229,357910	-113,282936
15234,741211	-114,119133
15240,124512	-115,241852
15245,507812	-116,861237
15250,891113	-119,460281
15256,274414	-122,351036
15261,657715	-126,320801
15267,041016	-131,357681
15272,424316	-136,875610
15277,807617	-140,392197
15283,190918	-137,542618
15288,574219	-135,404816
15293,957520	-135,973495
15299,340820	-138,083740
15304,724121	-135,412781
15310,107422	-137,180389
15315,490723	-146,180695
15320,874023	-146,884933
15326,257324	-143,580124
15331,640625	-144,191360
15337,023926	-142,051865
15342,407227	-141,422806
15347,790527	-146,839798
15353,173828	-156,537750
15358,557129	-150,997330
15363,940430	-156,629089
15369,323730	-142,059357
15374,707031	-137,760101
15380,090332	-141,870499
15385,473633	-139,212738
15390,856934	-134,834137
15396,240234	-139,335785
15401,623535	-140,580505
15407,006836	-141,966827
15412,390137	-141,269836
15417,773438	-128,665573
15423,156738	-125,814392
15428,540039	-133,571228
15433,923340	-144,529709
15439,306641	-145,660797
15444,689941	-131,808823
15450,073242	-116,644257
15455,456543	-113,864540
15460,839844	-122,828629
15466,223145	-138,642944
15471,606445	-143,302841
15476,989746	-152,762253
15482,373047	-143,716522
15487,756348	-143,467667
15493,139648	-145,601379
15498,522949	-142,228088
15503,906250	-139,215027
15509,289551	-145,994675
15514,672852	-143,634354
15520,056152	-142,000946
15525,439453	-141,238739
15530,822754	-139,959793
15536,206055	-144,615280
15541,589355	-143,663574
15546,972656	-141,395691
15552,355957	-137,523346
15557,739258	-134,468338
15563,122559	-133,456665
15568,505859	-135,913589
15573,889160	-136,600891
15579,272461	-134,334412
15584,655762	-131,806458
15590,039062	-125,793137
15595,422363	-120,583687
15600,805664	-118,670097
15606,188965	-115,469055
15611,572266	-114,174866
15616,955566	-112,530823
15622,338867	-111,443924
15627,722168	-110,739822
15633,105469	-110,176178
15638,488770	-110,184303
15643,872070	-110,396935
15649,255371	-110,885376
15654,638672	-111,805054
15660,021973	-112,933357
15665,405273	-114,514214
15670,788574	-116,487747
15676,171875	-119,333847
15681,555176	-122,360161
15686,938477	-126,890495
15692,321777	-132,342712
15697,705078	-135,683746
15703,088379	-134,466278
15708,471680	-133,656326
15713,854980	-129,891769
15719,238281	-129,051971
15724,621582	-137,805771
15730,004883	-142,845703
15735,388184	-144,417862
15740,771484	-140,619080
15746,154785	-134,745636
15751,538086	-133,779419
15756,921387	-143,673035
15762,304688	-144,297043
15767,687988	-147,059036
15773,071289	-147,996124
15778,454590	-145,830154
15783,837891	-143,983810
15789,221191	-143,964264
15794,604492	-147,487320
15799,987793	-149,042023
15805,371094	-153,443405
15810,754395	-148,465469
15816,137695	-141,570572
15821,520996	-143,577667
15826,904297	-127,468925
15832,287598	-122,620598
15837,670898	-130,927628
15843,054199	-141,167618
15848,437500	-144,179947
15853,820801	-142,380508
15859,204102	-132,557663
15864,587402	-124,598854
15869,970703	-129,352066
15875,354004	-139,893646
15880,737305	-137,126709
15886,120605	-143,001724
15891,503906	-152,764755
15896,887207	-150,631989
15902,270508	-153,551086
15907,653809	-148,183044
15913,037109	-148,039627
15918,420410	-147,568710
15923,803711	-151,979416
15929,187012	-155,003784
15934,570312	-153,362000
15939,953613	-155,982849
15945,336914	-156,933670
15950,720215	-158,914490
15956,103516	-159,729614
15961,486816	-161,374222
15966,870117	-157,907776
15972,253418	-146,063538
15977,636719	-134,566238
15983,020020	-136,033356
15988,403320	-152,959946
15993,786621	-151,453812
15999,169922	-149,236221
16004,553223	-142,126175
16009,936523	-131,356949
16015,319824	-131,721146
16020,703125	-144,530579
16026,086426	-144,566910
16031,469727	-144,541748
16036,853027	-147,237122
16042,236328	-144,061935
16047,619629	-143,284332
16053,002930	-149,924744
16058,386230	-138,902237
16063,769531	-138,502640
16069,152832	-148,228897
16074,536133	-140,067139
16079,919434	-137,669800
16085,302734	-139,541489
16090,686035	-139,774826
16096,069336	-139,082916
16101,452637	-144,155441
16106,835938	-153,618515
16112,219238	-150,581940
16117,602539	-149,320786
16122,985840	-141,871796
16128,369141	-138,674561
16133,752441	-146,423615
16139,135742	-156,585983
16144,519043	-162,628494
16149,902344	-155,097717
16155,285645	-154,796402
16160,668945	-153,599319
16166,052246	-144,384766
16171,435547	-143,930542
16176,818848	-144,934875
16182,202148	-149,099640
16187,585449	-142,062866
16192,968750	-135,941971
16198,352051	-141,229919
16203,735352	-152,323227
16209,118652	-142,427704
16214,501953	-146,105484
16219,885254	-151,024918
16225,268555	-146,013657
16230,651855	-141,491455
16236,035156	-124,261475
16241,418457	-115,121384
16246,801758	-117,795891
16252,185059	-131,840637
16257,568359	-145,987289
16262,951660	-143,056030
16268,334961	-129,349487
16273,718262	-121,488457
16279,101562	-124,737526
16284,484863	-137,660019
16289,868164	-136,986008
16295,251465	-140,009293
16300,634766	-152,323898
16306,018066	-156,239426
16311,401367	-156,670227
16316,784668	-141,884445
16322,167969	-134,811050
16327,551270	-136,503159
16332,934570	-142,608154
16338,317871	-157,497406
16343,701172	-151,890854
16349,084473	-150,130768
16354,467773	-145,412689
16359,851074	-148,200027
16365,234375	-150,469803
16370,617676	-155,093491
16376,000977	-159,029999
16381,384277	-147,146881
16386,767578	-135,260788
16392,150879	-132,859070
16397,534180	-141,714127
16402,917480	-158,912781
16408,300781	-158,103165
16413,684082	-152,903961
16419,067383	-140,667831
16424,450684	-137,087250
16429,833984	-144,145889
16435,217285	-153,097565
16440,600586	-151,349655
16445,983887	-157,481155
16451,367188	-150,710815
16456,750488	-149,045166
16462,133789	-147,229126
16467,517090	-138,833908
16472,900391	-137,572372
16478,283691	-144,690796
16483,666992	-153,662750
16489,050293	-151,023758
16494,433594	-150,581512
16499,816895	-135,826263
16505,200195	-131,095306
16510,583496	-137,805008
16515,966797	-156,062515
16521,350098	-154,000381
16526,733398	-152,246277
16532,116699	-158,044586
16537,500000	-151,314575
16542,883301	-155,487259
16548,266602	-161,869049
16553,649902	-164,207443
16559,033203	-168,388840
16564,416504	-153,557175
16569,799805	-148,038895
16575,183105	-149,873138
16580,566406	-149,585678
16585,949707	-150,311722
16591,333008	-153,385315
16596,716309	-147,485886
16602,099609	-140,436966
16607,482910	-141,693680
16612,866211	-150,519531
16618,249512	-151,437988
16623,632812	-153,735825
16629,016113	-158,499969
16634,399414	-158,566223
16639,782715	-155,551437
16645,166016	-142,252243
16650,549316	-135,409424
16655,932617	-139,200790
16661,315918	-149,568588
16666,699219	-148,012314
16672,082520	-155,060349
16677,465820	-134,832764
16682,849121	-125,989113
16688,232422	-128,459076
16693,615723	-141,316437
16698,999023	-153,587570
16704,382324	-155,486420
16709,765625	-148,259674
16715,148926	-142,221527
16720,532227	-139,650574
16725,915527	-143,893539
16731,298828	-149,011002
16736,682129	-143,886871
16742,065430	-146,629593
16747,448730	-141,062347
16752,832031	-137,635925
16758,215332	-146,632416
16763,598633	-149,689896
16768,981934	-147,208313
16774,365234	-147,805420
16779,748535	-138,769409
16785,131836	-138,169357
16790,515137	-135,712982
16795,898438	-118,982460
16801,281738	-115,586723
16806,665039	-123,448502
16812,048340	-140,563843
16817,431641	-144,165482
16822,814941	-143,259415
16828,198242	-134,746338
16833,581543	-132,169601
16838,964844	-142,619888
16844,348145	-151,166504
16849,731445	-150,848663
16855,114746	-160,064606
16860,498047	-151,570038
16865,881348	-146,393768
16871,264648	-144,727188
16876,647949	-141,250031
16882,031250	-138,297852
16887,414551	-144,385544
16892,797852	-152,235443
16898,181152	-153,844254
16903,564453	-153,470001
16908,947754	-152,922241
16914,331055	-156,816574
16919,714355	-151,602737
16925,097656	-154,421066
16930,480957	-156,381958
16935,864258	-156,707550
16941,247559	-144,320969
16946,630859	-136,122009
16952,014160	-138,647751
16957,397461	-149,080444
16962,780762	-153,493576
16968,164062	-154,668533
16973,547363	-144,753387
16978,930664	-140,270218
16984,313965	-142,922226
16989,697266	-144,633072
16995,080566	-139,727341
17000,463867	-144,751816
17005,847168	-149,271393
17011,230469	-140,841415
17016,613770	-143,073120
17021,997070	-151,972824
17027,380371	-142,003448
17032,763672	-144,755447
17038,146973	-151,570129
17043,530273	-149,703140
17048,913574	-148,874374
17054,296875	-144,216888
17059,680176	-134,115875
17065,063477	-134,136810
17070,446777	-146,961136
17075,830078	-165,993378
17081,213379	-153,937668
17086,596680	-144,212509
17091,979980	-131,603500
17097,363281	-130,211060
17102,746582	-142,005219
17108,129883	-157,326599
17113,513184	-155,006668
17118,896484	-152,732986
17124,279785	-140,193893
17129,663086	-138,812241
17135,046387	-146,715088
17140,429688	-157,290497
17145,812988	-155,331284
17151,196289	-155,545517
17156,579590	-149,831116
17161,962891	-145,194504
17167,346191	-144,512634
17172,729492	-148,910706
17178,112793	-151,042267
17183,496094	-150,738495
17188,879395	-142,197495
17194,262695	-135,346008
17199,645996	-137,587265
17205,029297	-126,702583
17210,412598	-121,927635
17215,795898	-129,753723
17221,179199	-144,311447
17226,562500	-151,008118
17231,945801	-150,652023
17237,329102	-137,297318
17242,712402	-128,910416
17248,095703	-133,639816
17253,479004	-140,534485
17258,862305	-134,690002
17264,245605	-140,857834
17269,628906	-149,324158
17275,012207	-147,591599
17280,395508	-151,930664
17285,778809	-156,917191
17291,162109	-152,914810
17296,545410	-150,512848
17301,928711	-150,480072
17307,312012	-157,013138
17312,695312	-153,767914
17318,078613	-151,158127
17323,461914	-140,382217
17328,845215	-141,617355
17334,228516	-157,148590
17339,611816	-161,981735
17344,995117	-157,995880
17350,378418	-139,091980
17355,761719	-127,569351
17361,145020	-128,851105
17366,528320	-143,400879
17371,911621	-153,163162
17377,294922	-158,305267
17382,678223	-140,231522
17388,061523	-128,525085
17393,444824	-127,964890
17398,828125	-138,796860
17404,211426	-147,201126
17409,594727	-143,339325
17414,978027	-145,455429
17420,361328	-138,224884
17425,744629	-136,180344
17431,127930	-141,168808
17436,511230	-152,294312
17441,894531	-153,370499
17447,277832	-152,384811
17452,661133	-151,857101
17458,044434	-148,648346
17463,427734	-147,114685
17468,811035	-127,187813
17474,194336	-124,386185
17479,577637	-131,217926
17484,960938	-144,658813
17490,344238	-148,168167
17495,727539	-146,736053
17501,110840	-138,552948
17506,494141	-135,020248
17511,877441	-142,972672
17517,260742	-157,170212
17522,644043	-155,142273
17528,027344	-150,971954
17533,410645	-148,330048
17538,793945	-151,837418
17544,177246	-156,682144
17549,560547	-148,570358
17554,943848	-146,405167
17560,327148	-148,680038
17565,710449	-147,643066
17571,093750	-142,282486
17576,477051	-143,023697
17581,860352	-148,637527
17587,243652	-146,590775
17592,626953	-144,590332
17598,010254	-149,669632
17603,393555	-155,093582
17608,776855	-154,249374
17614,160156	-139,036316
17619,543457	-130,209671
17624,926758	-132,097977
17630,310059	-139,229675
17635,693359	-143,089676
17641,076660	-141,981186
17646,459961	-123,227478
17651,843262	-115,087044
17657,226562	-118,283585
17662,609863	-133,384583
17667,993164	-137,939392
17673,376465	-140,801941
17678,759766	-145,347321
17684,143066	-142,607971
17689,526367	-147,955154
17694,909668	-151,836151
17700,292969	-141,907349
17705,676270	-143,772888
17711,059570	-149,185898
17716,442871	-157,198410
17721,826172	-158,444733
17727,209473	-155,563263
17732,592773	-151,031769
17737,976074	-151,622375
17743,359375	-152,839325
17748,742676	-159,346085
17754,125977	-158,958374
17759,509277	-153,589218
17764,892578	-141,447678
17770,275879	-139,903107
17775,659180	-155,939087
17781,042480	-152,112213
17786,425781	-145,645508
17791,809082	-143,427704
17797,192383	-130,308899
17802,575684	-126,434166
17807,958984	-133,034302
17813,342285	-152,990662
17818,725586	-148,834183
17824,108887	-159,175034
17829,492188	-155,079178
17834,875488	-152,715271
17840,258789	-146,327835
17845,642090	-135,459793
17851,025391	-133,613922
17856,408691	-138,941254
17861,791992	-148,937500
17867,175293	-155,076965
17872,558594	-150,344345
17877,941895	-136,083344
17883,325195	-130,099594
17888,708496	-136,038635
17894,091797	-156,378647
17899,475098	-158,158768
17904,858398	-160,182007
17910,241699	-157,517151
17915,625000	-155,087494
17921,008301	-157,645142
17926,391602	-160,070267
17931,774902	-160,563995
17937,158203	-163,203445
17942,541504	-140,800568
17947,924805	-135,464554
17953,308105	-142,783264
17958,691406	-153,121933
17964,074707	-154,173386
17969,458008	-148,735260
17974,841309	-139,522980
17980,224609	-134,371872
17985,607910	-137,111374
17990,991211	-154,137527
17996,374512	-147,599350
18001,757812	-147,080460
18007,141113	-155,250656
18012,524414	-160,562149
18017,907715	-159,486328
18023,291016	-142,936279
18028,674316	-136,537613
18034,057617	-140,897659
18039,440918	-152,100281
18044,824219	-149,508789
18050,207520	-157,206726
18055,590820	-156,026031
18060,974121	-149,335754
18066,357422	-147,988434
18071,740723	-156,304443
18077,124023	-156,031891
18082,507324	-151,086639
18087,890625	-144,727005
18093,273926	-140,178024
18098,657227	-139,569824
18104,040527	-146,415100
18109,423828	-153,473007
18114,807129	-161,353470
18120,190430	-150,366806
18125,573730	-144,637299
18130,957031	-144,916779
18136,340332	-151,196487
18141,723633	-146,924835
18147,106934	-143,658096
18152,490234	-146,986542
18157,873535	-140,405075
18163,256836	-136,709122
18168,640137	-141,347382
18174,023438	-127,667145
18179,406738	-124,491394
18184,790039	-132,000000
18190,173340	-147,142136
18195,556641	-148,758728
18200,939941	-140,374069
18206,323242	-125,412018
18211,706543	-122,401772
18217,089844	-131,453522
18222,473145	-143,944061
18227,856445	-148,395355
18233,239746	-147,067307
18238,623047	-143,095428
18244,006348	-142,674393
18249,389648	-145,962387
18254,772949	-145,483658
18260,156250	-143,274506
18265,539551	-146,726456
18270,922852	-147,329742
18276,306152	-144,248856
18281,689453	-142,065094
18287,072754	-145,365662
18292,456055	-151,209961
18297,839355	-149,640762
18303,222656	-154,904129
18308,605957	-155,041534
18313,989258	-156,555267
18319,372559	-141,360916
18324,755859	-133,009659
18330,139160	-136,417984
18335,522461	-156,200851
18340,905762	-154,589554
18346,289062	-158,943756
18351,672363	-142,373077
18357,055664	-135,595947
18362,438965	-136,814819
18367,822266	-148,869080
18373,205566	-144,203781
18378,588867	-146,140610
18383,972168	-150,513611
18389,355469	-141,752136
18394,738770	-144,446472
18400,122070	-141,713577
18405,505371	-134,413925
18410,888672	-136,179932
18416,271973	-144,141922
18421,655273	-146,780334
18427,038574	-143,012299
18432,421875	-136,739151
18437,805176	-129,205109
18443,188477	-129,295532
18448,571777	-140,355545
18453,955078	-152,373917
18459,338379	-152,897949
18464,721680	-152,797012
18470,104980	-136,337128
18475,488281	-135,110138
18480,871582	-145,277863
18486,254883	-155,336456
18491,638184	-152,369598
18497,021484	-152,414627
18502,404785	-140,524994
18507,788086	-138,549362
18513,171387	-145,463135
18518,554688	-166,012634
18523,937988	-151,955566
18529,321289	-152,913971
18534,704590	-147,590408
18540,087891	-145,830475
18545,471191	-147,497940
18550,854492	-151,300278
18556,237793	-148,938721
18561,621094	-148,064392
18567,004395	-143,361069
18572,387695	-144,239532
18577,770996	-142,266708
18583,154297	-127,021194
18588,537598	-121,972534
18593,920898	-129,930099
18599,304199	-142,163025
18604,687500	-152,330399
18610,070801	-145,782242
18615,454102	-136,977097
18620,837402	-129,079956
18626,220703	-133,857361
18631,604004	-140,892166
18636,987305	-136,592041
18642,370605	-140,455750
18647,753906	-157,803314
18653,137207	-160,623062
18658,520508	-153,391083
18663,903809	-150,429520
18669,287109	-147,984604
18674,670410	-146,662796
18680,053711	-150,653809
18685,437012	-157,189346
18690,820312	-158,632248
18696,203613	-156,071548
18701,586914	-151,818405
18706,970215	-152,190002
18712,353516	-157,132782
18717,736816	-158,556686
18723,120117	-156,559265
18728,503418	-136,391861
18733,886719	-126,376839
18739,270020	-127,474335
18744,653320	-142,234192
18750,036621	-151,860809
18755,419922	-155,007034
18760,803223	-143,475311
18766,186523	-136,037506
18771,569824	-137,613586
18776,953125	-144,154861
18782,336426	-150,157593
18787,719727	-155,618347
18793,103027	-151,262344
18798,486328	-141,764023
18803,869629	-139,956741
18809,252930	-145,822083
18814,636230	-148,568573
18820,019531	-147,286270
18825,402832	-151,267471
18830,786133	-156,257141
18836,169434	-152,161301
18841,552734	-145,077835
18846,936035	-127,772400
18852,319336	-124,920258
18857,702637	-132,052322
18863,085938	-145,764297
18868,469238	-151,924164
18873,852539	-152,302368
18879,235840	-134,420853
18884,619141	-130,768585
18890,002441	-139,088043
18895,385742	-152,503281
18900,769043	-155,412308
18906,152344	-156,261826
18911,535645	-150,180359
18916,918945	-151,196671
18922,302246	-151,464630
18927,685547	-155,736160
18933,068848	-153,270020
18938,452148	-152,715256
18943,835449	-147,757767
18949,218750	-140,398895
18954,602051	-142,879013
18959,985352	-146,187500
18965,368652	-144,204391
18970,751953	-147,155823
18976,135254	-150,243332
18981,518555	-146,159607
18986,901855	-141,865479
18992,285156	-129,452286
18997,668457	-120,334183
19003,051758	-123,163002
19008,435059	-137,074005
19013,818359	-146,630661
19019,201660	-150,535156
19024,584961	-135,567444
19029,968262	-127,912224
19035,351562	-130,947205
19040,734863	-139,375198
19046,118164	-133,046661
19051,501465	-135,707306
19056,884766	-147,931808
19062,268066	-144,980606
19067,651367	-148,473572
19073,034668	-143,105133
19078,417969	-136,475464
19083,801270	-138,122391
19089,184570	-146,293030
19094,567871	-161,220871
19099,951172	-157,550430
19105,334473	-149,375809
19110,717773	-143,964050
19116,101074	-146,328629
19121,484375	-150,777252
19126,867676	-155,099365
19132,250977	-165,071793
19137,634277	-146,060349
19143,017578	-132,731247
19148,400879	-130,352341
19153,784180	-139,451385
19159,167480	-156,022537
19164,550781	-152,018799
19169,934082	-158,121902
19175,317383	-151,889542
19180,700684	-147,401993
19186,083984	-149,972351
19191,467285	-152,438812
19196,850586	-153,506256
19202,233887	-153,947861
19207,617188	-146,770996
19213,000488	-144,777145
19218,383789	-149,699524
19223,767090	-132,966248
19229,150391	-131,291565
19234,533691	-137,616592
19239,916992	-149,463318
19245,300293	-150,329239
19250,683594	-149,439590
19256,066895	-137,452042
19261,450195	-132,593552
19266,833496	-137,856094
19272,216797	-150,440262
19277,600098	-155,086365
19282,983398	-157,091629
19288,366699	-154,955963
19293,750000	-152,508331
19299,133301	-155,251541
19304,516602	-157,558136
19309,899902	-152,783157
19315,283203	-150,726654
19320,666504	-146,797379
19326,049805	-141,614380
19331,433105	-147,743866
19336,816406	-148,621887
19342,199707	-147,170364
19347,583008	-143,203598
19352,966309	-135,800705
19358,349609	-130,609619
19363,732910	-132,383469
19369,116211	-144,054886
19374,499512	-151,477417
19379,882812	-154,856949
19385,266113	-154,958923
19390,649414	-145,069016
19396,032715	-145,906113
19401,416016	-134,285904
19406,799316	-127,949371
19412,182617	-132,132187
19417,565918	-148,559631
19422,949219	-146,558670
19428,332520	-150,986923
19433,715820	-137,274292
19439,099121	-127,811638
19444,482422	-130,120331
19449,865723	-143,343506
19455,249023	-155,560257
19460,632324	-154,178467
19466,015625	-147,433304
19471,398926	-139,479980
19476,782227	-137,570526
19482,165527	-143,117203
19487,548828	-156,456390
19492,932129	-145,431931
19498,315430	-141,392014
19503,698730	-138,008987
19509,082031	-138,086365
19514,465332	-143,611877
19519,848633	-142,411621
19525,231934	-140,550888
19530,615234	-147,884644
19535,998535	-138,907028
19541,381836	-138,654663
19546,765137	-137,624313
19552,148438	-120,723671
19557,531738	-117,376480
19562,915039	-125,231995
19568,298340	-143,477600
19573,681641	-145,680267
19579,064941	-139,875854
19584,448242	-126,610657
19589,831543	-123,420975
19595,214844	-132,867828
19600,598145	-147,841919
19605,981445	-156,192139
19611,364746	-152,535553
19616,748047	-144,595490
19622,131348	-142,823822
19627,514648	-143,409302
19632,897949	-133,460800
19638,281250	-130,094788
19643,664551	-136,979187
19649,047852	-155,714615
19654,431152	-152,152695
19659,814453	-152,413696
19665,197754	-156,269714
19670,581055	-152,440475
19675,964355	-155,389313
19681,347656	-163,843399
19686,730957	-161,196365
19692,114258	-163,294250
19697,497559	-135,065369
19702,880859	-126,778839
19708,264160	-130,275314
19713,647461	-146,632141
19719,030762	-150,776077
19724,414062	-150,348892
19729,797363	-137,684113
19735,180664	-129,988708
19740,563965	-132,534027
19745,947266	-152,359955
19751,330566	-157,683563
19756,713867	-151,424332
19762,097168	-152,171494
19767,480469	-142,765030
19772,863770	-145,067123
19778,247070	-147,086197
19783,630371	-140,708954
19789,013672	-142,939148
19794,396973	-152,539841
19799,780273	-153,528702
19805,163574	-148,558029
19810,546875	-141,802765
19815,930176	-129,147095
19821,313477	-128,830399
19826,696777	-142,727753
19832,080078	-170,052765
19837,463379	-148,606705
19842,846680	-137,867905
19848,229980	-122,278923
19853,613281	-120,971039
19858,996582	-132,414536
19864,379883	-152,317719
19869,763184	-157,520370
19875,146484	-158,483932
19880,529785	-149,004532
19885,913086	-148,466248
19891,296387	-151,563782
19896,679688	-156,523346
19902,062988	-156,327545
19907,446289	-157,449661
19912,829590	-154,266357
19918,212891	-154,120865
19923,596191	-149,468430
19928,979492	-159,856552
19934,362793	-150,860809
19939,746094	-148,246689
19945,129395	-142,555939
19950,512695	-137,362808
19955,895996	-142,667526
19961,279297	-130,502747
19966,662598	-125,749542
19972,045898	-133,793503
19977,429199	-146,153458
19982,812500	-152,478363
19988,195801	-154,419479
19993,579102	-147,272400
19998,962402	-137,563431
20004,345703	-143,012711
20009,729004	-141,312286
20015,112305	-135,827560
20020,495605	-139,697617
20025,878906	-144,329224
20031,262207	-148,270416
20036,645508	-155,055328
20042,028809	-162,331955
20047,412109	-156,451920
20052,795410	-150,753799
20058,178711	-151,116180
20063,562012	-158,096710
20068,945312	-158,377991
20074,328613	-149,762573
20079,711914	-143,267395
20085,095215	-144,887436
20090,478516	-153,840347
20095,861816	-152,046890
20101,245117	-159,090622
20106,628418	-137,488998
20112,011719	-127,171875
20117,395020	-128,297729
20122,778320	-141,488052
20128,161621	-150,552048
20133,544922	-147,239929
20138,928223	-136,609772
20144,311523	-124,209045
20149,694824	-124,430817
20155,078125	-135,487076
20160,461426	-142,052902
20165,844727	-146,468521
20171,228027	-148,009598
20176,611328	-141,519974
20181,994629	-139,812119
20187,377930	-144,847305
20192,761230	-149,389481
20198,144531	-151,584778
20203,527832	-162,939941
20208,911133	-148,981735
20214,294434	-145,173569
20219,677734	-149,791153
20225,061035	-131,235809
20230,444336	-128,451019
20235,827637	-135,323914
20241,210938	-149,867645
20246,594238	-158,257492
20251,977539	-158,722748
20257,360840	-148,259918
20262,744141	-145,765244
20268,127441	-153,660690
20273,510742	-152,693451
20278,894043	-153,679321
20284,277344	-147,739716
20289,660645	-148,093079
20295,043945	-149,759232
20300,427246	-148,031708
20305,810547	-144,861084
20311,193848	-146,568832
20316,577148	-147,208618
20321,960449	-149,210709
20327,343750	-142,674179
20332,727051	-145,718124
20338,110352	-145,194702
20343,493652	-144,067368
20348,876953	-148,254013
20354,260254	-154,945480
20359,643555	-153,000412
20365,026855	-151,328140
20370,410156	-130,202988
20375,793457	-121,222366
20381,176758	-123,630096
20386,560059	-137,604797
20391,943359	-154,191986
20397,326660	-153,918823
20402,709961	-133,746292
20408,093262	-127,116936
20413,476562	-130,605835
20418,859863	-143,645950
20424,243164	-148,037155
20429,626465	-148,590958
20435,009766	-141,809555
20440,393066	-137,899063
20445,776367	-142,302826
20451,159668	-142,368317
20456,542969	-135,936707
20461,926270	-138,278748
20467,309570	-149,723465
20472,692871	-150,851364
20478,076172	-150,263901
20483,459473	-141,529709
20488,842773	-135,168549
20494,226074	-137,397507
20499,609375	-143,488846
20504,992676	-150,363083
20510,375977	-156,990341
20515,759277	-153,615341
20521,142578	-141,030365
20526,525879	-138,371307
20531,909180	-148,454422
20537,292480	-147,656021
20542,675781	-144,343048
20548,059082	-147,966995
20553,442383	-135,277771
20558,825684	-131,607254
20564,208984	-138,352829
20569,592285	-156,495346
20574,975586	-151,473938
20580,358887	-159,733765
20585,742188	-143,384766
20591,125488	-141,448868
20596,508789	-146,354843
20601,892090	-134,170380
20607,275391	-131,746887
20612,658691	-137,339142
20618,041992	-145,923111
20623,425293	-147,510193
20628,808594	-148,573029
20634,191895	-139,134354
20639,575195	-132,692780
20644,958496	-139,011368
20650,341797	-147,854904
20655,725098	-150,414185
20661,108398	-153,014938
20666,491699	-152,131607
20671,875000	-152,495087
20677,258301	-154,394821
20682,641602	-156,760468
20688,024902	-155,836685
20693,408203	-153,653885
20698,791504	-141,999420
20704,174805	-137,558182
20709,558105	-143,716156
20714,941406	-148,276657
20720,324707	-153,193604
20725,708008	-148,412308
20731,091309	-139,532303
20736,474609	-133,872787
20741,857910	-136,441467
20747,241211	-147,042206
20752,624512	-145,377029
20758,007812	-147,480682
20763,391113	-166,847733
20768,774414	-156,291382
20774,157715	-162,011322
20779,541016	-142,076874
20784,924316	-134,863327
20790,307617	-138,245239
20795,690918	-150,836090
20801,074219	-153,675003
20806,457520	-149,423447
20811,840820	-140,462494
20817,224121	-131,568268
20822,607422	-133,497177
20827,990723	-145,337738
20833,374023	-152,694550
20838,757324	-154,602509
20844,140625	-161,520981
20849,523926	-150,946396
20854,907227	-150,255859
20860,290527	-151,249084
20865,673828	-154,399094
20871,057129	-149,341537
20876,440430	-145,223923
20881,823730	-137,644440
20887,207031	-136,506378
20892,590332	-146,757599
20897,973633	-141,166458
20903,356934	-136,704071
20908,740234	-141,995392
20914,123535	-146,303940
20919,506836	-145,816254
20924,890137	-146,493622
20930,273438	-131,764252
20935,656738	-128,850266
20941,040039	-135,847046
20946,423340	-149,685074
20951,806641	-153,974915
20957,189941	-134,707687
20962,573242	-119,829224
20967,956543	-117,083138
20973,339844	-125,958885
20978,723145	-145,490616
20984,106445	-151,946396
20989,489746	-147,645416
20994,873047	-145,041306
21000,256348	-146,999908
21005,639648	-149,531845
21011,022949	-146,685577
21016,406250	-142,050308
21021,789551	-147,284470
21027,172852	-153,971573
21032,556152	-149,906921
21037,939453	-154,807541
21043,322754	-153,796219
21048,706055	-151,820419
21054,089355	-155,203079
21059,472656	-152,198166
21064,855957	-150,808609
21070,239258	-157,392120
21075,622559	-147,370941
21081,005859	-138,591492
21086,389160	-141,969955
21091,772461	-156,029099
21097,155762	-157,360260
21102,539062	-157,075409
21107,922363	-141,906143
21113,305664	-135,070099
21118,688965	-138,107407
21124,072266	-147,944595
21129,455566	-144,935211
21134,838867	-148,197128
21140,222168	-147,604904
21145,605469	-139,007584
21150,988770	-139,829483
21156,372070	-144,083054
21161,755371	-136,330292
21167,138672	-139,035614
21172,521973	-147,499863
21177,905273	-152,041718
21183,288574	-148,749557
21188,671875	-137,374374
21194,055176	-129,402802
21199,438477	-129,493530
21204,821777	-140,287354
21210,205078	-152,471344
21215,588379	-153,019409
21220,971680	-150,486450
21226,354980	-131,759705
21231,738281	-131,131241
21237,121582	-142,697220
21242,504883	-159,237854
21247,888184	-162,816238
21253,271484	-162,287582
21258,654785	-147,386917
21264,038086	-146,546326
21269,421387	-152,652100
21274,804688	-150,859207
21280,187988	-156,256271
21285,571289	-147,458145
21290,954590	-145,114716
21296,337891	-146,041809
21301,721191	-148,478729
21307,104492	-155,920792
21312,487793	-148,544754
21317,871094	-148,112732
21323,254395	-141,355270
21328,637695	-139,884247
21334,020996	-144,970078
21339,404297	-133,781006
21344,787598	-129,218918
21350,170898	-137,578033
21355,554199	-145,242294
21360,937500	-153,162399
21366,320801	-145,741608
21371,704102	-134,624908
21377,087402	-125,929932
21382,470703	-130,422668
21387,854004	-140,599228
21393,237305	-133,983765
21398,620605	-138,399765
21404,003906	-152,123932
21409,387207	-152,396286
21414,770508	-153,972992
21420,153809	-151,364853
21425,537109	-151,022491
21430,920410	-151,932587
21436,303711	-153,661682
21441,687012	-155,639160
21447,070312	-150,396774
21452,453613	-145,040222
21457,836914	-135,059296
21463,220215	-136,513062
21468,603516	-147,788803
21473,986816	-150,006714
21479,370117	-160,081573
21484,753418	-140,219574
21490,136719	-129,581833
21495,520020	-131,058289
21500,903320	-146,977783
21506,286621	-152,667343
21511,669922	-153,127701
21517,053223	-135,752991
21522,436523	-124,074104
21527,819824	-124,268166
21533,203125	-136,468948
21538,586426	-139,780273
21543,969727	-141,141449
21549,353027	-143,952164
21554,736328	-138,319077
21560,119629	-135,780548
21565,502930	-144,058456
21570,886230	-140,256622
21576,269531	-139,549179
21581,652832	-150,804703
21587,036133	-157,099869
21592,419434	-148,126907
21597,802734	-151,612473
21603,186035	-130,849045
21608,569336	-128,068268
21613,952637	-135,076065
21619,335938	-148,189667
21624,719238	-149,242203
21630,102539	-154,198166
21635,485840	-138,421326
21640,869141	-134,554840
21646,252441	-142,472382
21651,635742	-159,599457
21657,019043	-162,358597
21662,402344	-158,924347
21667,785645	-155,303650
21673,168945	-152,481155
21678,552246	-147,790298
21683,935547	-146,133316
21689,318848	-147,461655
21694,702148	-150,350510
21700,085449	-148,779160
21705,468750	-141,136246
21710,852051	-142,887131
21716,235352	-146,546982
21721,618652	-140,970383
21727,001953	-139,880127
21732,385254	-146,724335
21737,768555	-148,593185
21743,151855	-142,814255
21748,535156	-123,873520
21753,918457	-115,034294
21759,301758	-117,753448
21764,685059	-132,632263
21770,068359	-150,245880
21775,451660	-153,771057
21780,834961	-135,970703
21786,218262	-127,928986
21791,601562	-130,572632
21796,984863	-140,131546
21802,368164	-140,390686
21807,751465	-144,833755
21813,134766	-142,843597
21818,518066	-137,824478
21823,901367	-141,367493
21829,284668	-146,451813
21834,667969	-140,319199
21840,051270	-142,057983
21845,434570	-149,921387
21850,817871	-158,695374
21856,201172	-153,054596
21861,584473	-150,728745
21866,967773	-144,241302
21872,351074	-146,921616
21877,734375	-151,919495
21883,117676	-153,598831
21888,500977	-156,746048
21893,884277	-138,547089
21899,267578	-124,244186
21904,650879	-121,790253
21910,034180	-131,194656
21915,417480	-145,517136
21920,800781	-148,217072
21926,184082	-154,589081
21931,567383	-142,496048
21936,950684	-140,702316
21942,333984	-146,960709
21947,717285	-156,557190
21953,100586	-163,464417
21958,483887	-156,639023
21963,867188	-150,994431
21969,250488	-150,786285
21974,633789	-152,620682
21980,017090	-142,192596
21985,400391	-139,415466
21990,783691	-142,436920
21996,166992	-147,339340
22001,550293	-150,153122
22006,933594	-147,686829
22012,316895	-137,685043
22017,700195	-133,852356
22023,083496	-140,533875
22028,466797	-155,410355
22033,850098	-154,410049
22039,233398	-158,435883
22044,616699	-157,810867
